1	HiC_scaffold_1	0	200000
2	HiC_scaffold_1	200000	400000
3	HiC_scaffold_1	400000	600000
4	HiC_scaffold_1	600000	800000
5	HiC_scaffold_1	800000	1000000
6	HiC_scaffold_1	1000000	1200000
7	HiC_scaffold_1	1200000	1400000
8	HiC_scaffold_1	1400000	1600000
9	HiC_scaffold_1	1600000	1800000
10	HiC_scaffold_1	1800000	2000000
11	HiC_scaffold_1	2000000	2200000
12	HiC_scaffold_1	2200000	2400000
13	HiC_scaffold_1	2400000	2600000
14	HiC_scaffold_1	2600000	2800000
15	HiC_scaffold_1	2800000	3000000
16	HiC_scaffold_1	3000000	3200000
17	HiC_scaffold_1	3200000	3400000
18	HiC_scaffold_1	3400000	3600000
19	HiC_scaffold_1	3600000	3800000
20	HiC_scaffold_1	3800000	4000000
21	HiC_scaffold_1	4000000	4200000
22	HiC_scaffold_1	4200000	4400000
23	HiC_scaffold_1	4400000	4600000
24	HiC_scaffold_1	4600000	4800000
25	HiC_scaffold_1	4800000	5000000
26	HiC_scaffold_1	5000000	5200000
27	HiC_scaffold_1	5200000	5400000
28	HiC_scaffold_1	5400000	5600000
29	HiC_scaffold_1	5600000	5800000
30	HiC_scaffold_1	5800000	6000000
31	HiC_scaffold_1	6000000	6200000
32	HiC_scaffold_1	6200000	6400000
33	HiC_scaffold_1	6400000	6600000
34	HiC_scaffold_1	6600000	6800000
35	HiC_scaffold_1	6800000	7000000
36	HiC_scaffold_1	7000000	7200000
37	HiC_scaffold_1	7200000	7400000
38	HiC_scaffold_1	7400000	7600000
39	HiC_scaffold_1	7600000	7800000
40	HiC_scaffold_1	7800000	8000000
41	HiC_scaffold_1	8000000	8200000
42	HiC_scaffold_1	8200000	8400000
43	HiC_scaffold_1	8400000	8600000
44	HiC_scaffold_1	8600000	8800000
45	HiC_scaffold_1	8800000	9000000
46	HiC_scaffold_1	9000000	9200000
47	HiC_scaffold_1	9200000	9400000
48	HiC_scaffold_1	9400000	9600000
49	HiC_scaffold_1	9600000	9800000
50	HiC_scaffold_1	9800000	10000000
51	HiC_scaffold_1	10000000	10200000
52	HiC_scaffold_1	10200000	10400000
53	HiC_scaffold_1	10400000	10600000
54	HiC_scaffold_1	10600000	10800000
55	HiC_scaffold_1	10800000	11000000
56	HiC_scaffold_1	11000000	11200000
57	HiC_scaffold_1	11200000	11400000
58	HiC_scaffold_1	11400000	11600000
59	HiC_scaffold_1	11600000	11800000
60	HiC_scaffold_1	11800000	12000000
61	HiC_scaffold_1	12000000	12200000
62	HiC_scaffold_1	12200000	12400000
63	HiC_scaffold_1	12400000	12600000
64	HiC_scaffold_1	12600000	12800000
65	HiC_scaffold_1	12800000	13000000
66	HiC_scaffold_1	13000000	13200000
67	HiC_scaffold_1	13200000	13400000
68	HiC_scaffold_1	13400000	13600000
69	HiC_scaffold_1	13600000	13800000
70	HiC_scaffold_1	13800000	14000000
71	HiC_scaffold_1	14000000	14200000
72	HiC_scaffold_1	14200000	14400000
73	HiC_scaffold_1	14400000	14600000
74	HiC_scaffold_1	14600000	14800000
75	HiC_scaffold_1	14800000	15000000
76	HiC_scaffold_1	15000000	15200000
77	HiC_scaffold_1	15200000	15400000
78	HiC_scaffold_1	15400000	15600000
79	HiC_scaffold_1	15600000	15800000
80	HiC_scaffold_1	15800000	16000000
81	HiC_scaffold_1	16000000	16200000
82	HiC_scaffold_1	16200000	16400000
83	HiC_scaffold_1	16400000	16600000
84	HiC_scaffold_1	16600000	16800000
85	HiC_scaffold_1	16800000	17000000
86	HiC_scaffold_1	17000000	17200000
87	HiC_scaffold_1	17200000	17400000
88	HiC_scaffold_1	17400000	17600000
89	HiC_scaffold_1	17600000	17800000
90	HiC_scaffold_1	17800000	18000000
91	HiC_scaffold_1	18000000	18200000
92	HiC_scaffold_1	18200000	18400000
93	HiC_scaffold_1	18400000	18600000
94	HiC_scaffold_1	18600000	18800000
95	HiC_scaffold_1	18800000	19000000
96	HiC_scaffold_1	19000000	19200000
97	HiC_scaffold_1	19200000	19400000
98	HiC_scaffold_1	19400000	19600000
99	HiC_scaffold_1	19600000	19800000
100	HiC_scaffold_1	19800000	20000000
101	HiC_scaffold_1	20000000	20200000
102	HiC_scaffold_1	20200000	20400000
103	HiC_scaffold_1	20400000	20600000
104	HiC_scaffold_1	20600000	20800000
105	HiC_scaffold_1	20800000	21000000
106	HiC_scaffold_1	21000000	21200000
107	HiC_scaffold_1	21200000	21400000
108	HiC_scaffold_1	21400000	21600000
109	HiC_scaffold_1	21600000	21800000
110	HiC_scaffold_1	21800000	22000000
111	HiC_scaffold_1	22000000	22200000
112	HiC_scaffold_1	22200000	22400000
113	HiC_scaffold_1	22400000	22600000
114	HiC_scaffold_1	22600000	22800000
115	HiC_scaffold_1	22800000	23000000
116	HiC_scaffold_1	23000000	23200000
117	HiC_scaffold_1	23200000	23400000
118	HiC_scaffold_1	23400000	23600000
119	HiC_scaffold_1	23600000	23800000
120	HiC_scaffold_1	23800000	24000000
121	HiC_scaffold_1	24000000	24200000
122	HiC_scaffold_1	24200000	24400000
123	HiC_scaffold_1	24400000	24600000
124	HiC_scaffold_1	24600000	24800000
125	HiC_scaffold_1	24800000	25000000
126	HiC_scaffold_1	25000000	25200000
127	HiC_scaffold_1	25200000	25400000
128	HiC_scaffold_1	25400000	25600000
129	HiC_scaffold_1	25600000	25800000
130	HiC_scaffold_1	25800000	26000000
131	HiC_scaffold_1	26000000	26200000
132	HiC_scaffold_1	26200000	26400000
133	HiC_scaffold_1	26400000	26600000
134	HiC_scaffold_1	26600000	26800000
135	HiC_scaffold_1	26800000	27000000
136	HiC_scaffold_1	27000000	27200000
137	HiC_scaffold_1	27200000	27400000
138	HiC_scaffold_1	27400000	27600000
139	HiC_scaffold_1	27600000	27800000
140	HiC_scaffold_1	27800000	28000000
141	HiC_scaffold_1	28000000	28200000
142	HiC_scaffold_1	28200000	28400000
143	HiC_scaffold_1	28400000	28600000
144	HiC_scaffold_1	28600000	28800000
145	HiC_scaffold_1	28800000	29000000
146	HiC_scaffold_1	29000000	29200000
147	HiC_scaffold_1	29200000	29400000
148	HiC_scaffold_1	29400000	29600000
149	HiC_scaffold_1	29600000	29800000
150	HiC_scaffold_1	29800000	30000000
151	HiC_scaffold_1	30000000	30200000
152	HiC_scaffold_1	30200000	30400000
153	HiC_scaffold_1	30400000	30600000
154	HiC_scaffold_1	30600000	30800000
155	HiC_scaffold_1	30800000	31000000
156	HiC_scaffold_1	31000000	31200000
157	HiC_scaffold_1	31200000	31400000
158	HiC_scaffold_1	31400000	31600000
159	HiC_scaffold_1	31600000	31800000
160	HiC_scaffold_1	31800000	32000000
161	HiC_scaffold_1	32000000	32200000
162	HiC_scaffold_1	32200000	32400000
163	HiC_scaffold_1	32400000	32600000
164	HiC_scaffold_1	32600000	32800000
165	HiC_scaffold_1	32800000	33000000
166	HiC_scaffold_1	33000000	33200000
167	HiC_scaffold_1	33200000	33400000
168	HiC_scaffold_1	33400000	33600000
169	HiC_scaffold_1	33600000	33800000
170	HiC_scaffold_1	33800000	34000000
171	HiC_scaffold_1	34000000	34200000
172	HiC_scaffold_1	34200000	34400000
173	HiC_scaffold_1	34400000	34600000
174	HiC_scaffold_1	34600000	34800000
175	HiC_scaffold_1	34800000	35000000
176	HiC_scaffold_1	35000000	35200000
177	HiC_scaffold_1	35200000	35400000
178	HiC_scaffold_1	35400000	35600000
179	HiC_scaffold_1	35600000	35800000
180	HiC_scaffold_1	35800000	36000000
181	HiC_scaffold_1	36000000	36200000
182	HiC_scaffold_1	36200000	36400000
183	HiC_scaffold_1	36400000	36600000
184	HiC_scaffold_1	36600000	36800000
185	HiC_scaffold_1	36800000	37000000
186	HiC_scaffold_1	37000000	37200000
187	HiC_scaffold_1	37200000	37400000
188	HiC_scaffold_1	37400000	37600000
189	HiC_scaffold_1	37600000	37800000
190	HiC_scaffold_1	37800000	38000000
191	HiC_scaffold_1	38000000	38200000
192	HiC_scaffold_1	38200000	38400000
193	HiC_scaffold_1	38400000	38600000
194	HiC_scaffold_1	38600000	38800000
195	HiC_scaffold_1	38800000	39000000
196	HiC_scaffold_1	39000000	39200000
197	HiC_scaffold_1	39200000	39400000
198	HiC_scaffold_1	39400000	39600000
199	HiC_scaffold_1	39600000	39800000
200	HiC_scaffold_1	39800000	40000000
201	HiC_scaffold_1	40000000	40200000
202	HiC_scaffold_1	40200000	40400000
203	HiC_scaffold_1	40400000	40600000
204	HiC_scaffold_1	40600000	40800000
205	HiC_scaffold_1	40800000	41000000
206	HiC_scaffold_1	41000000	41200000
207	HiC_scaffold_1	41200000	41400000
208	HiC_scaffold_1	41400000	41600000
209	HiC_scaffold_1	41600000	41800000
210	HiC_scaffold_1	41800000	42000000
211	HiC_scaffold_1	42000000	42200000
212	HiC_scaffold_1	42200000	42400000
213	HiC_scaffold_1	42400000	42600000
214	HiC_scaffold_1	42600000	42800000
215	HiC_scaffold_1	42800000	43000000
216	HiC_scaffold_1	43000000	43200000
217	HiC_scaffold_1	43200000	43400000
218	HiC_scaffold_1	43400000	43600000
219	HiC_scaffold_1	43600000	43800000
220	HiC_scaffold_1	43800000	44000000
221	HiC_scaffold_1	44000000	44200000
222	HiC_scaffold_1	44200000	44400000
223	HiC_scaffold_1	44400000	44600000
224	HiC_scaffold_1	44600000	44800000
225	HiC_scaffold_1	44800000	45000000
226	HiC_scaffold_1	45000000	45200000
227	HiC_scaffold_1	45200000	45400000
228	HiC_scaffold_1	45400000	45600000
229	HiC_scaffold_1	45600000	45800000
230	HiC_scaffold_1	45800000	46000000
231	HiC_scaffold_1	46000000	46200000
232	HiC_scaffold_1	46200000	46400000
233	HiC_scaffold_1	46400000	46600000
234	HiC_scaffold_1	46600000	46800000
235	HiC_scaffold_1	46800000	47000000
236	HiC_scaffold_1	47000000	47200000
237	HiC_scaffold_1	47200000	47400000
238	HiC_scaffold_1	47400000	47600000
239	HiC_scaffold_1	47600000	47800000
240	HiC_scaffold_1	47800000	48000000
241	HiC_scaffold_1	48000000	48200000
242	HiC_scaffold_1	48200000	48400000
243	HiC_scaffold_1	48400000	48600000
244	HiC_scaffold_1	48600000	48800000
245	HiC_scaffold_1	48800000	49000000
246	HiC_scaffold_1	49000000	49200000
247	HiC_scaffold_1	49200000	49400000
248	HiC_scaffold_1	49400000	49600000
249	HiC_scaffold_1	49600000	49800000
250	HiC_scaffold_1	49800000	50000000
251	HiC_scaffold_1	50000000	50200000
252	HiC_scaffold_1	50200000	50400000
253	HiC_scaffold_1	50400000	50600000
254	HiC_scaffold_1	50600000	50800000
255	HiC_scaffold_1	50800000	51000000
256	HiC_scaffold_1	51000000	51200000
257	HiC_scaffold_1	51200000	51400000
258	HiC_scaffold_1	51400000	51600000
259	HiC_scaffold_1	51600000	51800000
260	HiC_scaffold_1	51800000	52000000
261	HiC_scaffold_1	52000000	52200000
262	HiC_scaffold_1	52200000	52400000
263	HiC_scaffold_1	52400000	52600000
264	HiC_scaffold_1	52600000	52800000
265	HiC_scaffold_1	52800000	53000000
266	HiC_scaffold_1	53000000	53200000
267	HiC_scaffold_1	53200000	53400000
268	HiC_scaffold_1	53400000	53600000
269	HiC_scaffold_1	53600000	53800000
270	HiC_scaffold_1	53800000	54000000
271	HiC_scaffold_1	54000000	54200000
272	HiC_scaffold_1	54200000	54400000
273	HiC_scaffold_1	54400000	54600000
274	HiC_scaffold_1	54600000	54800000
275	HiC_scaffold_1	54800000	55000000
276	HiC_scaffold_1	55000000	55200000
277	HiC_scaffold_1	55200000	55400000
278	HiC_scaffold_1	55400000	55600000
279	HiC_scaffold_1	55600000	55800000
280	HiC_scaffold_1	55800000	56000000
281	HiC_scaffold_1	56000000	56200000
282	HiC_scaffold_1	56200000	56400000
283	HiC_scaffold_1	56400000	56600000
284	HiC_scaffold_1	56600000	56800000
285	HiC_scaffold_1	56800000	57000000
286	HiC_scaffold_1	57000000	57200000
287	HiC_scaffold_1	57200000	57400000
288	HiC_scaffold_1	57400000	57600000
289	HiC_scaffold_1	57600000	57800000
290	HiC_scaffold_1	57800000	58000000
291	HiC_scaffold_1	58000000	58200000
292	HiC_scaffold_1	58200000	58400000
293	HiC_scaffold_1	58400000	58600000
294	HiC_scaffold_1	58600000	58800000
295	HiC_scaffold_1	58800000	59000000
296	HiC_scaffold_1	59000000	59021883
297	HiC_scaffold_2	0	200000
298	HiC_scaffold_2	200000	400000
299	HiC_scaffold_2	400000	600000
300	HiC_scaffold_2	600000	800000
301	HiC_scaffold_2	800000	1000000
302	HiC_scaffold_2	1000000	1200000
303	HiC_scaffold_2	1200000	1400000
304	HiC_scaffold_2	1400000	1600000
305	HiC_scaffold_2	1600000	1800000
306	HiC_scaffold_2	1800000	2000000
307	HiC_scaffold_2	2000000	2200000
308	HiC_scaffold_2	2200000	2400000
309	HiC_scaffold_2	2400000	2600000
310	HiC_scaffold_2	2600000	2800000
311	HiC_scaffold_2	2800000	3000000
312	HiC_scaffold_2	3000000	3200000
313	HiC_scaffold_2	3200000	3400000
314	HiC_scaffold_2	3400000	3600000
315	HiC_scaffold_2	3600000	3800000
316	HiC_scaffold_2	3800000	4000000
317	HiC_scaffold_2	4000000	4200000
318	HiC_scaffold_2	4200000	4400000
319	HiC_scaffold_2	4400000	4600000
320	HiC_scaffold_2	4600000	4800000
321	HiC_scaffold_2	4800000	5000000
322	HiC_scaffold_2	5000000	5200000
323	HiC_scaffold_2	5200000	5400000
324	HiC_scaffold_2	5400000	5600000
325	HiC_scaffold_2	5600000	5800000
326	HiC_scaffold_2	5800000	6000000
327	HiC_scaffold_2	6000000	6200000
328	HiC_scaffold_2	6200000	6400000
329	HiC_scaffold_2	6400000	6600000
330	HiC_scaffold_2	6600000	6800000
331	HiC_scaffold_2	6800000	7000000
332	HiC_scaffold_2	7000000	7200000
333	HiC_scaffold_2	7200000	7400000
334	HiC_scaffold_2	7400000	7600000
335	HiC_scaffold_2	7600000	7800000
336	HiC_scaffold_2	7800000	8000000
337	HiC_scaffold_2	8000000	8200000
338	HiC_scaffold_2	8200000	8400000
339	HiC_scaffold_2	8400000	8600000
340	HiC_scaffold_2	8600000	8800000
341	HiC_scaffold_2	8800000	9000000
342	HiC_scaffold_2	9000000	9200000
343	HiC_scaffold_2	9200000	9400000
344	HiC_scaffold_2	9400000	9600000
345	HiC_scaffold_2	9600000	9800000
346	HiC_scaffold_2	9800000	10000000
347	HiC_scaffold_2	10000000	10200000
348	HiC_scaffold_2	10200000	10400000
349	HiC_scaffold_2	10400000	10600000
350	HiC_scaffold_2	10600000	10800000
351	HiC_scaffold_2	10800000	11000000
352	HiC_scaffold_2	11000000	11200000
353	HiC_scaffold_2	11200000	11400000
354	HiC_scaffold_2	11400000	11600000
355	HiC_scaffold_2	11600000	11800000
356	HiC_scaffold_2	11800000	12000000
357	HiC_scaffold_2	12000000	12200000
358	HiC_scaffold_2	12200000	12400000
359	HiC_scaffold_2	12400000	12600000
360	HiC_scaffold_2	12600000	12800000
361	HiC_scaffold_2	12800000	13000000
362	HiC_scaffold_2	13000000	13200000
363	HiC_scaffold_2	13200000	13400000
364	HiC_scaffold_2	13400000	13600000
365	HiC_scaffold_2	13600000	13800000
366	HiC_scaffold_2	13800000	14000000
367	HiC_scaffold_2	14000000	14200000
368	HiC_scaffold_2	14200000	14400000
369	HiC_scaffold_2	14400000	14600000
370	HiC_scaffold_2	14600000	14800000
371	HiC_scaffold_2	14800000	15000000
372	HiC_scaffold_2	15000000	15200000
373	HiC_scaffold_2	15200000	15400000
374	HiC_scaffold_2	15400000	15600000
375	HiC_scaffold_2	15600000	15800000
376	HiC_scaffold_2	15800000	16000000
377	HiC_scaffold_2	16000000	16200000
378	HiC_scaffold_2	16200000	16400000
379	HiC_scaffold_2	16400000	16600000
380	HiC_scaffold_2	16600000	16800000
381	HiC_scaffold_2	16800000	17000000
382	HiC_scaffold_2	17000000	17200000
383	HiC_scaffold_2	17200000	17400000
384	HiC_scaffold_2	17400000	17600000
385	HiC_scaffold_2	17600000	17800000
386	HiC_scaffold_2	17800000	18000000
387	HiC_scaffold_2	18000000	18200000
388	HiC_scaffold_2	18200000	18400000
389	HiC_scaffold_2	18400000	18600000
390	HiC_scaffold_2	18600000	18800000
391	HiC_scaffold_2	18800000	19000000
392	HiC_scaffold_2	19000000	19200000
393	HiC_scaffold_2	19200000	19400000
394	HiC_scaffold_2	19400000	19600000
395	HiC_scaffold_2	19600000	19800000
396	HiC_scaffold_2	19800000	20000000
397	HiC_scaffold_2	20000000	20200000
398	HiC_scaffold_2	20200000	20400000
399	HiC_scaffold_2	20400000	20600000
400	HiC_scaffold_2	20600000	20800000
401	HiC_scaffold_2	20800000	21000000
402	HiC_scaffold_2	21000000	21200000
403	HiC_scaffold_2	21200000	21400000
404	HiC_scaffold_2	21400000	21600000
405	HiC_scaffold_2	21600000	21800000
406	HiC_scaffold_2	21800000	22000000
407	HiC_scaffold_2	22000000	22200000
408	HiC_scaffold_2	22200000	22400000
409	HiC_scaffold_2	22400000	22600000
410	HiC_scaffold_2	22600000	22800000
411	HiC_scaffold_2	22800000	23000000
412	HiC_scaffold_2	23000000	23200000
413	HiC_scaffold_2	23200000	23400000
414	HiC_scaffold_2	23400000	23600000
415	HiC_scaffold_2	23600000	23800000
416	HiC_scaffold_2	23800000	24000000
417	HiC_scaffold_2	24000000	24200000
418	HiC_scaffold_2	24200000	24400000
419	HiC_scaffold_2	24400000	24600000
420	HiC_scaffold_2	24600000	24800000
421	HiC_scaffold_2	24800000	25000000
422	HiC_scaffold_2	25000000	25200000
423	HiC_scaffold_2	25200000	25400000
424	HiC_scaffold_2	25400000	25600000
425	HiC_scaffold_2	25600000	25800000
426	HiC_scaffold_2	25800000	26000000
427	HiC_scaffold_2	26000000	26200000
428	HiC_scaffold_2	26200000	26400000
429	HiC_scaffold_2	26400000	26600000
430	HiC_scaffold_2	26600000	26800000
431	HiC_scaffold_2	26800000	27000000
432	HiC_scaffold_2	27000000	27200000
433	HiC_scaffold_2	27200000	27400000
434	HiC_scaffold_2	27400000	27600000
435	HiC_scaffold_2	27600000	27800000
436	HiC_scaffold_2	27800000	28000000
437	HiC_scaffold_2	28000000	28200000
438	HiC_scaffold_2	28200000	28400000
439	HiC_scaffold_2	28400000	28600000
440	HiC_scaffold_2	28600000	28800000
441	HiC_scaffold_2	28800000	29000000
442	HiC_scaffold_2	29000000	29200000
443	HiC_scaffold_2	29200000	29400000
444	HiC_scaffold_2	29400000	29600000
445	HiC_scaffold_2	29600000	29800000
446	HiC_scaffold_2	29800000	30000000
447	HiC_scaffold_2	30000000	30200000
448	HiC_scaffold_2	30200000	30400000
449	HiC_scaffold_2	30400000	30600000
450	HiC_scaffold_2	30600000	30800000
451	HiC_scaffold_2	30800000	31000000
452	HiC_scaffold_2	31000000	31200000
453	HiC_scaffold_2	31200000	31400000
454	HiC_scaffold_2	31400000	31600000
455	HiC_scaffold_2	31600000	31800000
456	HiC_scaffold_2	31800000	32000000
457	HiC_scaffold_2	32000000	32200000
458	HiC_scaffold_2	32200000	32400000
459	HiC_scaffold_2	32400000	32600000
460	HiC_scaffold_2	32600000	32800000
461	HiC_scaffold_2	32800000	33000000
462	HiC_scaffold_2	33000000	33200000
463	HiC_scaffold_2	33200000	33400000
464	HiC_scaffold_2	33400000	33600000
465	HiC_scaffold_2	33600000	33800000
466	HiC_scaffold_2	33800000	34000000
467	HiC_scaffold_2	34000000	34200000
468	HiC_scaffold_2	34200000	34400000
469	HiC_scaffold_2	34400000	34600000
470	HiC_scaffold_2	34600000	34800000
471	HiC_scaffold_2	34800000	35000000
472	HiC_scaffold_2	35000000	35200000
473	HiC_scaffold_2	35200000	35400000
474	HiC_scaffold_2	35400000	35600000
475	HiC_scaffold_2	35600000	35800000
476	HiC_scaffold_2	35800000	36000000
477	HiC_scaffold_2	36000000	36200000
478	HiC_scaffold_2	36200000	36400000
479	HiC_scaffold_2	36400000	36600000
480	HiC_scaffold_2	36600000	36800000
481	HiC_scaffold_2	36800000	37000000
482	HiC_scaffold_2	37000000	37200000
483	HiC_scaffold_2	37200000	37400000
484	HiC_scaffold_2	37400000	37600000
485	HiC_scaffold_2	37600000	37800000
486	HiC_scaffold_2	37800000	38000000
487	HiC_scaffold_2	38000000	38200000
488	HiC_scaffold_2	38200000	38400000
489	HiC_scaffold_2	38400000	38600000
490	HiC_scaffold_2	38600000	38800000
491	HiC_scaffold_2	38800000	39000000
492	HiC_scaffold_2	39000000	39200000
493	HiC_scaffold_2	39200000	39400000
494	HiC_scaffold_2	39400000	39600000
495	HiC_scaffold_2	39600000	39800000
496	HiC_scaffold_2	39800000	40000000
497	HiC_scaffold_2	40000000	40200000
498	HiC_scaffold_2	40200000	40400000
499	HiC_scaffold_2	40400000	40600000
500	HiC_scaffold_2	40600000	40800000
501	HiC_scaffold_2	40800000	41000000
502	HiC_scaffold_2	41000000	41200000
503	HiC_scaffold_2	41200000	41400000
504	HiC_scaffold_2	41400000	41600000
505	HiC_scaffold_2	41600000	41800000
506	HiC_scaffold_2	41800000	42000000
507	HiC_scaffold_2	42000000	42200000
508	HiC_scaffold_2	42200000	42400000
509	HiC_scaffold_2	42400000	42600000
510	HiC_scaffold_2	42600000	42800000
511	HiC_scaffold_2	42800000	43000000
512	HiC_scaffold_2	43000000	43200000
513	HiC_scaffold_2	43200000	43400000
514	HiC_scaffold_2	43400000	43600000
515	HiC_scaffold_2	43600000	43800000
516	HiC_scaffold_2	43800000	44000000
517	HiC_scaffold_2	44000000	44200000
518	HiC_scaffold_2	44200000	44400000
519	HiC_scaffold_2	44400000	44600000
520	HiC_scaffold_2	44600000	44800000
521	HiC_scaffold_2	44800000	45000000
522	HiC_scaffold_2	45000000	45200000
523	HiC_scaffold_2	45200000	45400000
524	HiC_scaffold_2	45400000	45600000
525	HiC_scaffold_2	45600000	45800000
526	HiC_scaffold_2	45800000	46000000
527	HiC_scaffold_2	46000000	46200000
528	HiC_scaffold_2	46200000	46400000
529	HiC_scaffold_2	46400000	46600000
530	HiC_scaffold_2	46600000	46800000
531	HiC_scaffold_2	46800000	47000000
532	HiC_scaffold_2	47000000	47200000
533	HiC_scaffold_2	47200000	47400000
534	HiC_scaffold_2	47400000	47600000
535	HiC_scaffold_2	47600000	47800000
536	HiC_scaffold_2	47800000	48000000
537	HiC_scaffold_2	48000000	48200000
538	HiC_scaffold_2	48200000	48400000
539	HiC_scaffold_2	48400000	48600000
540	HiC_scaffold_2	48600000	48800000
541	HiC_scaffold_2	48800000	49000000
542	HiC_scaffold_2	49000000	49200000
543	HiC_scaffold_2	49200000	49400000
544	HiC_scaffold_2	49400000	49600000
545	HiC_scaffold_2	49600000	49800000
546	HiC_scaffold_2	49800000	50000000
547	HiC_scaffold_2	50000000	50200000
548	HiC_scaffold_2	50200000	50400000
549	HiC_scaffold_2	50400000	50600000
550	HiC_scaffold_2	50600000	50800000
551	HiC_scaffold_2	50800000	51000000
552	HiC_scaffold_2	51000000	51200000
553	HiC_scaffold_2	51200000	51400000
554	HiC_scaffold_2	51400000	51600000
555	HiC_scaffold_2	51600000	51800000
556	HiC_scaffold_2	51800000	52000000
557	HiC_scaffold_2	52000000	52200000
558	HiC_scaffold_2	52200000	52400000
559	HiC_scaffold_2	52400000	52600000
560	HiC_scaffold_2	52600000	52800000
561	HiC_scaffold_2	52800000	53000000
562	HiC_scaffold_2	53000000	53200000
563	HiC_scaffold_2	53200000	53400000
564	HiC_scaffold_2	53400000	53600000
565	HiC_scaffold_2	53600000	53800000
566	HiC_scaffold_2	53800000	54000000
567	HiC_scaffold_2	54000000	54200000
568	HiC_scaffold_2	54200000	54400000
569	HiC_scaffold_2	54400000	54600000
570	HiC_scaffold_2	54600000	54800000
571	HiC_scaffold_2	54800000	55000000
572	HiC_scaffold_2	55000000	55200000
573	HiC_scaffold_2	55200000	55400000
574	HiC_scaffold_2	55400000	55600000
575	HiC_scaffold_2	55600000	55800000
576	HiC_scaffold_2	55800000	56000000
577	HiC_scaffold_2	56000000	56200000
578	HiC_scaffold_2	56200000	56400000
579	HiC_scaffold_2	56400000	56600000
580	HiC_scaffold_2	56600000	56800000
581	HiC_scaffold_2	56800000	57000000
582	HiC_scaffold_2	57000000	57200000
583	HiC_scaffold_2	57200000	57400000
584	HiC_scaffold_2	57400000	57600000
585	HiC_scaffold_2	57600000	57800000
586	HiC_scaffold_2	57800000	58000000
587	HiC_scaffold_2	58000000	58200000
588	HiC_scaffold_2	58200000	58400000
589	HiC_scaffold_2	58400000	58600000
590	HiC_scaffold_2	58600000	58607983
591	HiC_scaffold_3	0	200000
592	HiC_scaffold_3	200000	400000
593	HiC_scaffold_3	400000	600000
594	HiC_scaffold_3	600000	800000
595	HiC_scaffold_3	800000	1000000
596	HiC_scaffold_3	1000000	1200000
597	HiC_scaffold_3	1200000	1400000
598	HiC_scaffold_3	1400000	1600000
599	HiC_scaffold_3	1600000	1800000
600	HiC_scaffold_3	1800000	2000000
601	HiC_scaffold_3	2000000	2200000
602	HiC_scaffold_3	2200000	2400000
603	HiC_scaffold_3	2400000	2600000
604	HiC_scaffold_3	2600000	2800000
605	HiC_scaffold_3	2800000	3000000
606	HiC_scaffold_3	3000000	3200000
607	HiC_scaffold_3	3200000	3400000
608	HiC_scaffold_3	3400000	3600000
609	HiC_scaffold_3	3600000	3800000
610	HiC_scaffold_3	3800000	4000000
611	HiC_scaffold_3	4000000	4200000
612	HiC_scaffold_3	4200000	4400000
613	HiC_scaffold_3	4400000	4600000
614	HiC_scaffold_3	4600000	4800000
615	HiC_scaffold_3	4800000	5000000
616	HiC_scaffold_3	5000000	5200000
617	HiC_scaffold_3	5200000	5400000
618	HiC_scaffold_3	5400000	5600000
619	HiC_scaffold_3	5600000	5800000
620	HiC_scaffold_3	5800000	6000000
621	HiC_scaffold_3	6000000	6200000
622	HiC_scaffold_3	6200000	6400000
623	HiC_scaffold_3	6400000	6600000
624	HiC_scaffold_3	6600000	6800000
625	HiC_scaffold_3	6800000	7000000
626	HiC_scaffold_3	7000000	7200000
627	HiC_scaffold_3	7200000	7400000
628	HiC_scaffold_3	7400000	7600000
629	HiC_scaffold_3	7600000	7800000
630	HiC_scaffold_3	7800000	8000000
631	HiC_scaffold_3	8000000	8200000
632	HiC_scaffold_3	8200000	8400000
633	HiC_scaffold_3	8400000	8600000
634	HiC_scaffold_3	8600000	8800000
635	HiC_scaffold_3	8800000	9000000
636	HiC_scaffold_3	9000000	9200000
637	HiC_scaffold_3	9200000	9400000
638	HiC_scaffold_3	9400000	9600000
639	HiC_scaffold_3	9600000	9800000
640	HiC_scaffold_3	9800000	10000000
641	HiC_scaffold_3	10000000	10200000
642	HiC_scaffold_3	10200000	10400000
643	HiC_scaffold_3	10400000	10600000
644	HiC_scaffold_3	10600000	10800000
645	HiC_scaffold_3	10800000	11000000
646	HiC_scaffold_3	11000000	11200000
647	HiC_scaffold_3	11200000	11400000
648	HiC_scaffold_3	11400000	11600000
649	HiC_scaffold_3	11600000	11800000
650	HiC_scaffold_3	11800000	12000000
651	HiC_scaffold_3	12000000	12200000
652	HiC_scaffold_3	12200000	12400000
653	HiC_scaffold_3	12400000	12600000
654	HiC_scaffold_3	12600000	12800000
655	HiC_scaffold_3	12800000	13000000
656	HiC_scaffold_3	13000000	13200000
657	HiC_scaffold_3	13200000	13400000
658	HiC_scaffold_3	13400000	13600000
659	HiC_scaffold_3	13600000	13800000
660	HiC_scaffold_3	13800000	14000000
661	HiC_scaffold_3	14000000	14200000
662	HiC_scaffold_3	14200000	14400000
663	HiC_scaffold_3	14400000	14600000
664	HiC_scaffold_3	14600000	14800000
665	HiC_scaffold_3	14800000	15000000
666	HiC_scaffold_3	15000000	15200000
667	HiC_scaffold_3	15200000	15400000
668	HiC_scaffold_3	15400000	15600000
669	HiC_scaffold_3	15600000	15800000
670	HiC_scaffold_3	15800000	16000000
671	HiC_scaffold_3	16000000	16200000
672	HiC_scaffold_3	16200000	16400000
673	HiC_scaffold_3	16400000	16600000
674	HiC_scaffold_3	16600000	16800000
675	HiC_scaffold_3	16800000	17000000
676	HiC_scaffold_3	17000000	17200000
677	HiC_scaffold_3	17200000	17400000
678	HiC_scaffold_3	17400000	17600000
679	HiC_scaffold_3	17600000	17800000
680	HiC_scaffold_3	17800000	18000000
681	HiC_scaffold_3	18000000	18200000
682	HiC_scaffold_3	18200000	18400000
683	HiC_scaffold_3	18400000	18600000
684	HiC_scaffold_3	18600000	18800000
685	HiC_scaffold_3	18800000	19000000
686	HiC_scaffold_3	19000000	19200000
687	HiC_scaffold_3	19200000	19400000
688	HiC_scaffold_3	19400000	19600000
689	HiC_scaffold_3	19600000	19800000
690	HiC_scaffold_3	19800000	20000000
691	HiC_scaffold_3	20000000	20200000
692	HiC_scaffold_3	20200000	20400000
693	HiC_scaffold_3	20400000	20600000
694	HiC_scaffold_3	20600000	20800000
695	HiC_scaffold_3	20800000	21000000
696	HiC_scaffold_3	21000000	21200000
697	HiC_scaffold_3	21200000	21400000
698	HiC_scaffold_3	21400000	21600000
699	HiC_scaffold_3	21600000	21800000
700	HiC_scaffold_3	21800000	22000000
701	HiC_scaffold_3	22000000	22200000
702	HiC_scaffold_3	22200000	22400000
703	HiC_scaffold_3	22400000	22600000
704	HiC_scaffold_3	22600000	22800000
705	HiC_scaffold_3	22800000	23000000
706	HiC_scaffold_3	23000000	23200000
707	HiC_scaffold_3	23200000	23400000
708	HiC_scaffold_3	23400000	23600000
709	HiC_scaffold_3	23600000	23800000
710	HiC_scaffold_3	23800000	24000000
711	HiC_scaffold_3	24000000	24200000
712	HiC_scaffold_3	24200000	24400000
713	HiC_scaffold_3	24400000	24600000
714	HiC_scaffold_3	24600000	24800000
715	HiC_scaffold_3	24800000	25000000
716	HiC_scaffold_3	25000000	25200000
717	HiC_scaffold_3	25200000	25400000
718	HiC_scaffold_3	25400000	25600000
719	HiC_scaffold_3	25600000	25800000
720	HiC_scaffold_3	25800000	26000000
721	HiC_scaffold_3	26000000	26200000
722	HiC_scaffold_3	26200000	26400000
723	HiC_scaffold_3	26400000	26600000
724	HiC_scaffold_3	26600000	26800000
725	HiC_scaffold_3	26800000	27000000
726	HiC_scaffold_3	27000000	27200000
727	HiC_scaffold_3	27200000	27400000
728	HiC_scaffold_3	27400000	27600000
729	HiC_scaffold_3	27600000	27800000
730	HiC_scaffold_3	27800000	28000000
731	HiC_scaffold_3	28000000	28200000
732	HiC_scaffold_3	28200000	28400000
733	HiC_scaffold_3	28400000	28600000
734	HiC_scaffold_3	28600000	28800000
735	HiC_scaffold_3	28800000	29000000
736	HiC_scaffold_3	29000000	29200000
737	HiC_scaffold_3	29200000	29400000
738	HiC_scaffold_3	29400000	29600000
739	HiC_scaffold_3	29600000	29800000
740	HiC_scaffold_3	29800000	30000000
741	HiC_scaffold_3	30000000	30200000
742	HiC_scaffold_3	30200000	30400000
743	HiC_scaffold_3	30400000	30600000
744	HiC_scaffold_3	30600000	30800000
745	HiC_scaffold_3	30800000	31000000
746	HiC_scaffold_3	31000000	31200000
747	HiC_scaffold_3	31200000	31400000
748	HiC_scaffold_3	31400000	31600000
749	HiC_scaffold_3	31600000	31800000
750	HiC_scaffold_3	31800000	32000000
751	HiC_scaffold_3	32000000	32200000
752	HiC_scaffold_3	32200000	32400000
753	HiC_scaffold_3	32400000	32600000
754	HiC_scaffold_3	32600000	32800000
755	HiC_scaffold_3	32800000	33000000
756	HiC_scaffold_3	33000000	33200000
757	HiC_scaffold_3	33200000	33400000
758	HiC_scaffold_3	33400000	33600000
759	HiC_scaffold_3	33600000	33800000
760	HiC_scaffold_3	33800000	34000000
761	HiC_scaffold_3	34000000	34200000
762	HiC_scaffold_3	34200000	34400000
763	HiC_scaffold_3	34400000	34600000
764	HiC_scaffold_3	34600000	34800000
765	HiC_scaffold_3	34800000	35000000
766	HiC_scaffold_3	35000000	35200000
767	HiC_scaffold_3	35200000	35400000
768	HiC_scaffold_3	35400000	35600000
769	HiC_scaffold_3	35600000	35800000
770	HiC_scaffold_3	35800000	36000000
771	HiC_scaffold_3	36000000	36200000
772	HiC_scaffold_3	36200000	36400000
773	HiC_scaffold_3	36400000	36600000
774	HiC_scaffold_3	36600000	36800000
775	HiC_scaffold_3	36800000	37000000
776	HiC_scaffold_3	37000000	37200000
777	HiC_scaffold_3	37200000	37400000
778	HiC_scaffold_3	37400000	37600000
779	HiC_scaffold_3	37600000	37800000
780	HiC_scaffold_3	37800000	38000000
781	HiC_scaffold_3	38000000	38200000
782	HiC_scaffold_3	38200000	38400000
783	HiC_scaffold_3	38400000	38600000
784	HiC_scaffold_3	38600000	38800000
785	HiC_scaffold_3	38800000	39000000
786	HiC_scaffold_3	39000000	39200000
787	HiC_scaffold_3	39200000	39400000
788	HiC_scaffold_3	39400000	39600000
789	HiC_scaffold_3	39600000	39800000
790	HiC_scaffold_3	39800000	40000000
791	HiC_scaffold_3	40000000	40200000
792	HiC_scaffold_3	40200000	40400000
793	HiC_scaffold_3	40400000	40600000
794	HiC_scaffold_3	40600000	40800000
795	HiC_scaffold_3	40800000	41000000
796	HiC_scaffold_3	41000000	41200000
797	HiC_scaffold_3	41200000	41400000
798	HiC_scaffold_3	41400000	41600000
799	HiC_scaffold_3	41600000	41800000
800	HiC_scaffold_3	41800000	42000000
801	HiC_scaffold_3	42000000	42200000
802	HiC_scaffold_3	42200000	42400000
803	HiC_scaffold_3	42400000	42600000
804	HiC_scaffold_3	42600000	42800000
805	HiC_scaffold_3	42800000	43000000
806	HiC_scaffold_3	43000000	43200000
807	HiC_scaffold_3	43200000	43400000
808	HiC_scaffold_3	43400000	43600000
809	HiC_scaffold_3	43600000	43800000
810	HiC_scaffold_3	43800000	44000000
811	HiC_scaffold_3	44000000	44200000
812	HiC_scaffold_3	44200000	44400000
813	HiC_scaffold_3	44400000	44600000
814	HiC_scaffold_3	44600000	44800000
815	HiC_scaffold_3	44800000	45000000
816	HiC_scaffold_3	45000000	45200000
817	HiC_scaffold_3	45200000	45400000
818	HiC_scaffold_3	45400000	45600000
819	HiC_scaffold_3	45600000	45800000
820	HiC_scaffold_3	45800000	46000000
821	HiC_scaffold_3	46000000	46200000
822	HiC_scaffold_3	46200000	46400000
823	HiC_scaffold_3	46400000	46600000
824	HiC_scaffold_3	46600000	46800000
825	HiC_scaffold_3	46800000	47000000
826	HiC_scaffold_3	47000000	47200000
827	HiC_scaffold_3	47200000	47400000
828	HiC_scaffold_3	47400000	47600000
829	HiC_scaffold_3	47600000	47800000
830	HiC_scaffold_3	47800000	48000000
831	HiC_scaffold_3	48000000	48200000
832	HiC_scaffold_3	48200000	48400000
833	HiC_scaffold_3	48400000	48600000
834	HiC_scaffold_3	48600000	48800000
835	HiC_scaffold_3	48800000	49000000
836	HiC_scaffold_3	49000000	49200000
837	HiC_scaffold_3	49200000	49400000
838	HiC_scaffold_3	49400000	49600000
839	HiC_scaffold_3	49600000	49800000
840	HiC_scaffold_3	49800000	50000000
841	HiC_scaffold_3	50000000	50200000
842	HiC_scaffold_3	50200000	50400000
843	HiC_scaffold_3	50400000	50600000
844	HiC_scaffold_3	50600000	50800000
845	HiC_scaffold_3	50800000	51000000
846	HiC_scaffold_3	51000000	51200000
847	HiC_scaffold_3	51200000	51400000
848	HiC_scaffold_3	51400000	51600000
849	HiC_scaffold_3	51600000	51800000
850	HiC_scaffold_3	51800000	52000000
851	HiC_scaffold_3	52000000	52200000
852	HiC_scaffold_3	52200000	52400000
853	HiC_scaffold_3	52400000	52600000
854	HiC_scaffold_3	52600000	52800000
855	HiC_scaffold_3	52800000	53000000
856	HiC_scaffold_3	53000000	53200000
857	HiC_scaffold_3	53200000	53400000
858	HiC_scaffold_3	53400000	53600000
859	HiC_scaffold_3	53600000	53800000
860	HiC_scaffold_3	53800000	53806032
861	HiC_scaffold_4	0	200000
862	HiC_scaffold_4	200000	400000
863	HiC_scaffold_4	400000	600000
864	HiC_scaffold_4	600000	800000
865	HiC_scaffold_4	800000	1000000
866	HiC_scaffold_4	1000000	1200000
867	HiC_scaffold_4	1200000	1400000
868	HiC_scaffold_4	1400000	1600000
869	HiC_scaffold_4	1600000	1800000
870	HiC_scaffold_4	1800000	2000000
871	HiC_scaffold_4	2000000	2200000
872	HiC_scaffold_4	2200000	2400000
873	HiC_scaffold_4	2400000	2600000
874	HiC_scaffold_4	2600000	2800000
875	HiC_scaffold_4	2800000	3000000
876	HiC_scaffold_4	3000000	3200000
877	HiC_scaffold_4	3200000	3400000
878	HiC_scaffold_4	3400000	3600000
879	HiC_scaffold_4	3600000	3800000
880	HiC_scaffold_4	3800000	4000000
881	HiC_scaffold_4	4000000	4200000
882	HiC_scaffold_4	4200000	4400000
883	HiC_scaffold_4	4400000	4600000
884	HiC_scaffold_4	4600000	4800000
885	HiC_scaffold_4	4800000	5000000
886	HiC_scaffold_4	5000000	5200000
887	HiC_scaffold_4	5200000	5400000
888	HiC_scaffold_4	5400000	5600000
889	HiC_scaffold_4	5600000	5800000
890	HiC_scaffold_4	5800000	6000000
891	HiC_scaffold_4	6000000	6200000
892	HiC_scaffold_4	6200000	6400000
893	HiC_scaffold_4	6400000	6600000
894	HiC_scaffold_4	6600000	6800000
895	HiC_scaffold_4	6800000	7000000
896	HiC_scaffold_4	7000000	7200000
897	HiC_scaffold_4	7200000	7400000
898	HiC_scaffold_4	7400000	7600000
899	HiC_scaffold_4	7600000	7800000
900	HiC_scaffold_4	7800000	8000000
901	HiC_scaffold_4	8000000	8200000
902	HiC_scaffold_4	8200000	8400000
903	HiC_scaffold_4	8400000	8600000
904	HiC_scaffold_4	8600000	8800000
905	HiC_scaffold_4	8800000	9000000
906	HiC_scaffold_4	9000000	9200000
907	HiC_scaffold_4	9200000	9400000
908	HiC_scaffold_4	9400000	9600000
909	HiC_scaffold_4	9600000	9800000
910	HiC_scaffold_4	9800000	10000000
911	HiC_scaffold_4	10000000	10200000
912	HiC_scaffold_4	10200000	10400000
913	HiC_scaffold_4	10400000	10600000
914	HiC_scaffold_4	10600000	10800000
915	HiC_scaffold_4	10800000	11000000
916	HiC_scaffold_4	11000000	11200000
917	HiC_scaffold_4	11200000	11400000
918	HiC_scaffold_4	11400000	11600000
919	HiC_scaffold_4	11600000	11800000
920	HiC_scaffold_4	11800000	12000000
921	HiC_scaffold_4	12000000	12200000
922	HiC_scaffold_4	12200000	12400000
923	HiC_scaffold_4	12400000	12600000
924	HiC_scaffold_4	12600000	12800000
925	HiC_scaffold_4	12800000	13000000
926	HiC_scaffold_4	13000000	13200000
927	HiC_scaffold_4	13200000	13400000
928	HiC_scaffold_4	13400000	13600000
929	HiC_scaffold_4	13600000	13800000
930	HiC_scaffold_4	13800000	14000000
931	HiC_scaffold_4	14000000	14200000
932	HiC_scaffold_4	14200000	14400000
933	HiC_scaffold_4	14400000	14600000
934	HiC_scaffold_4	14600000	14800000
935	HiC_scaffold_4	14800000	15000000
936	HiC_scaffold_4	15000000	15200000
937	HiC_scaffold_4	15200000	15400000
938	HiC_scaffold_4	15400000	15600000
939	HiC_scaffold_4	15600000	15800000
940	HiC_scaffold_4	15800000	16000000
941	HiC_scaffold_4	16000000	16200000
942	HiC_scaffold_4	16200000	16400000
943	HiC_scaffold_4	16400000	16600000
944	HiC_scaffold_4	16600000	16800000
945	HiC_scaffold_4	16800000	17000000
946	HiC_scaffold_4	17000000	17200000
947	HiC_scaffold_4	17200000	17400000
948	HiC_scaffold_4	17400000	17600000
949	HiC_scaffold_4	17600000	17800000
950	HiC_scaffold_4	17800000	18000000
951	HiC_scaffold_4	18000000	18200000
952	HiC_scaffold_4	18200000	18400000
953	HiC_scaffold_4	18400000	18600000
954	HiC_scaffold_4	18600000	18800000
955	HiC_scaffold_4	18800000	19000000
956	HiC_scaffold_4	19000000	19200000
957	HiC_scaffold_4	19200000	19400000
958	HiC_scaffold_4	19400000	19600000
959	HiC_scaffold_4	19600000	19800000
960	HiC_scaffold_4	19800000	20000000
961	HiC_scaffold_4	20000000	20200000
962	HiC_scaffold_4	20200000	20400000
963	HiC_scaffold_4	20400000	20600000
964	HiC_scaffold_4	20600000	20800000
965	HiC_scaffold_4	20800000	21000000
966	HiC_scaffold_4	21000000	21200000
967	HiC_scaffold_4	21200000	21400000
968	HiC_scaffold_4	21400000	21600000
969	HiC_scaffold_4	21600000	21800000
970	HiC_scaffold_4	21800000	22000000
971	HiC_scaffold_4	22000000	22200000
972	HiC_scaffold_4	22200000	22400000
973	HiC_scaffold_4	22400000	22600000
974	HiC_scaffold_4	22600000	22800000
975	HiC_scaffold_4	22800000	23000000
976	HiC_scaffold_4	23000000	23200000
977	HiC_scaffold_4	23200000	23400000
978	HiC_scaffold_4	23400000	23600000
979	HiC_scaffold_4	23600000	23800000
980	HiC_scaffold_4	23800000	24000000
981	HiC_scaffold_4	24000000	24200000
982	HiC_scaffold_4	24200000	24400000
983	HiC_scaffold_4	24400000	24600000
984	HiC_scaffold_4	24600000	24800000
985	HiC_scaffold_4	24800000	25000000
986	HiC_scaffold_4	25000000	25200000
987	HiC_scaffold_4	25200000	25400000
988	HiC_scaffold_4	25400000	25600000
989	HiC_scaffold_4	25600000	25800000
990	HiC_scaffold_4	25800000	26000000
991	HiC_scaffold_4	26000000	26200000
992	HiC_scaffold_4	26200000	26400000
993	HiC_scaffold_4	26400000	26600000
994	HiC_scaffold_4	26600000	26800000
995	HiC_scaffold_4	26800000	27000000
996	HiC_scaffold_4	27000000	27200000
997	HiC_scaffold_4	27200000	27400000
998	HiC_scaffold_4	27400000	27600000
999	HiC_scaffold_4	27600000	27800000
1000	HiC_scaffold_4	27800000	28000000
1001	HiC_scaffold_4	28000000	28200000
1002	HiC_scaffold_4	28200000	28400000
1003	HiC_scaffold_4	28400000	28600000
1004	HiC_scaffold_4	28600000	28800000
1005	HiC_scaffold_4	28800000	29000000
1006	HiC_scaffold_4	29000000	29200000
1007	HiC_scaffold_4	29200000	29400000
1008	HiC_scaffold_4	29400000	29600000
1009	HiC_scaffold_4	29600000	29800000
1010	HiC_scaffold_4	29800000	30000000
1011	HiC_scaffold_4	30000000	30200000
1012	HiC_scaffold_4	30200000	30400000
1013	HiC_scaffold_4	30400000	30600000
1014	HiC_scaffold_4	30600000	30800000
1015	HiC_scaffold_4	30800000	31000000
1016	HiC_scaffold_4	31000000	31200000
1017	HiC_scaffold_4	31200000	31400000
1018	HiC_scaffold_4	31400000	31600000
1019	HiC_scaffold_4	31600000	31800000
1020	HiC_scaffold_4	31800000	32000000
1021	HiC_scaffold_4	32000000	32200000
1022	HiC_scaffold_4	32200000	32400000
1023	HiC_scaffold_4	32400000	32600000
1024	HiC_scaffold_4	32600000	32800000
1025	HiC_scaffold_4	32800000	33000000
1026	HiC_scaffold_4	33000000	33200000
1027	HiC_scaffold_4	33200000	33400000
1028	HiC_scaffold_4	33400000	33600000
1029	HiC_scaffold_4	33600000	33800000
1030	HiC_scaffold_4	33800000	34000000
1031	HiC_scaffold_4	34000000	34200000
1032	HiC_scaffold_4	34200000	34400000
1033	HiC_scaffold_4	34400000	34600000
1034	HiC_scaffold_4	34600000	34800000
1035	HiC_scaffold_4	34800000	35000000
1036	HiC_scaffold_4	35000000	35200000
1037	HiC_scaffold_4	35200000	35400000
1038	HiC_scaffold_4	35400000	35600000
1039	HiC_scaffold_4	35600000	35800000
1040	HiC_scaffold_4	35800000	36000000
1041	HiC_scaffold_4	36000000	36200000
1042	HiC_scaffold_4	36200000	36400000
1043	HiC_scaffold_4	36400000	36600000
1044	HiC_scaffold_4	36600000	36800000
1045	HiC_scaffold_4	36800000	37000000
1046	HiC_scaffold_4	37000000	37200000
1047	HiC_scaffold_4	37200000	37400000
1048	HiC_scaffold_4	37400000	37600000
1049	HiC_scaffold_4	37600000	37800000
1050	HiC_scaffold_4	37800000	38000000
1051	HiC_scaffold_4	38000000	38200000
1052	HiC_scaffold_4	38200000	38400000
1053	HiC_scaffold_4	38400000	38600000
1054	HiC_scaffold_4	38600000	38800000
1055	HiC_scaffold_4	38800000	39000000
1056	HiC_scaffold_4	39000000	39200000
1057	HiC_scaffold_4	39200000	39400000
1058	HiC_scaffold_4	39400000	39600000
1059	HiC_scaffold_4	39600000	39800000
1060	HiC_scaffold_4	39800000	40000000
1061	HiC_scaffold_4	40000000	40200000
1062	HiC_scaffold_4	40200000	40400000
1063	HiC_scaffold_4	40400000	40600000
1064	HiC_scaffold_4	40600000	40800000
1065	HiC_scaffold_4	40800000	41000000
1066	HiC_scaffold_4	41000000	41200000
1067	HiC_scaffold_4	41200000	41400000
1068	HiC_scaffold_4	41400000	41600000
1069	HiC_scaffold_4	41600000	41800000
1070	HiC_scaffold_4	41800000	42000000
1071	HiC_scaffold_4	42000000	42200000
1072	HiC_scaffold_4	42200000	42400000
1073	HiC_scaffold_4	42400000	42600000
1074	HiC_scaffold_4	42600000	42800000
1075	HiC_scaffold_4	42800000	43000000
1076	HiC_scaffold_4	43000000	43200000
1077	HiC_scaffold_4	43200000	43400000
1078	HiC_scaffold_4	43400000	43600000
1079	HiC_scaffold_4	43600000	43800000
1080	HiC_scaffold_4	43800000	44000000
1081	HiC_scaffold_4	44000000	44200000
1082	HiC_scaffold_4	44200000	44400000
1083	HiC_scaffold_4	44400000	44600000
1084	HiC_scaffold_4	44600000	44800000
1085	HiC_scaffold_4	44800000	45000000
1086	HiC_scaffold_4	45000000	45200000
1087	HiC_scaffold_4	45200000	45400000
1088	HiC_scaffold_4	45400000	45600000
1089	HiC_scaffold_4	45600000	45800000
1090	HiC_scaffold_4	45800000	46000000
1091	HiC_scaffold_4	46000000	46200000
1092	HiC_scaffold_4	46200000	46400000
1093	HiC_scaffold_4	46400000	46600000
1094	HiC_scaffold_4	46600000	46800000
1095	HiC_scaffold_4	46800000	47000000
1096	HiC_scaffold_4	47000000	47200000
1097	HiC_scaffold_4	47200000	47400000
1098	HiC_scaffold_4	47400000	47600000
1099	HiC_scaffold_4	47600000	47800000
1100	HiC_scaffold_4	47800000	48000000
1101	HiC_scaffold_4	48000000	48200000
1102	HiC_scaffold_4	48200000	48400000
1103	HiC_scaffold_4	48400000	48600000
1104	HiC_scaffold_4	48600000	48800000
1105	HiC_scaffold_4	48800000	49000000
1106	HiC_scaffold_4	49000000	49200000
1107	HiC_scaffold_4	49200000	49400000
1108	HiC_scaffold_4	49400000	49600000
1109	HiC_scaffold_4	49600000	49800000
1110	HiC_scaffold_4	49800000	50000000
1111	HiC_scaffold_4	50000000	50200000
1112	HiC_scaffold_4	50200000	50400000
1113	HiC_scaffold_4	50400000	50600000
1114	HiC_scaffold_4	50600000	50800000
1115	HiC_scaffold_4	50800000	51000000
1116	HiC_scaffold_4	51000000	51200000
1117	HiC_scaffold_4	51200000	51400000
1118	HiC_scaffold_4	51400000	51600000
1119	HiC_scaffold_4	51600000	51601022
1120	HiC_scaffold_5	0	200000
1121	HiC_scaffold_5	200000	400000
1122	HiC_scaffold_5	400000	600000
1123	HiC_scaffold_5	600000	800000
1124	HiC_scaffold_5	800000	1000000
1125	HiC_scaffold_5	1000000	1200000
1126	HiC_scaffold_5	1200000	1400000
1127	HiC_scaffold_5	1400000	1600000
1128	HiC_scaffold_5	1600000	1800000
1129	HiC_scaffold_5	1800000	2000000
1130	HiC_scaffold_5	2000000	2200000
1131	HiC_scaffold_5	2200000	2400000
1132	HiC_scaffold_5	2400000	2600000
1133	HiC_scaffold_5	2600000	2800000
1134	HiC_scaffold_5	2800000	3000000
1135	HiC_scaffold_5	3000000	3200000
1136	HiC_scaffold_5	3200000	3400000
1137	HiC_scaffold_5	3400000	3600000
1138	HiC_scaffold_5	3600000	3800000
1139	HiC_scaffold_5	3800000	4000000
1140	HiC_scaffold_5	4000000	4200000
1141	HiC_scaffold_5	4200000	4400000
1142	HiC_scaffold_5	4400000	4600000
1143	HiC_scaffold_5	4600000	4800000
1144	HiC_scaffold_5	4800000	5000000
1145	HiC_scaffold_5	5000000	5200000
1146	HiC_scaffold_5	5200000	5400000
1147	HiC_scaffold_5	5400000	5600000
1148	HiC_scaffold_5	5600000	5800000
1149	HiC_scaffold_5	5800000	6000000
1150	HiC_scaffold_5	6000000	6200000
1151	HiC_scaffold_5	6200000	6400000
1152	HiC_scaffold_5	6400000	6600000
1153	HiC_scaffold_5	6600000	6800000
1154	HiC_scaffold_5	6800000	7000000
1155	HiC_scaffold_5	7000000	7200000
1156	HiC_scaffold_5	7200000	7400000
1157	HiC_scaffold_5	7400000	7600000
1158	HiC_scaffold_5	7600000	7800000
1159	HiC_scaffold_5	7800000	8000000
1160	HiC_scaffold_5	8000000	8200000
1161	HiC_scaffold_5	8200000	8400000
1162	HiC_scaffold_5	8400000	8600000
1163	HiC_scaffold_5	8600000	8800000
1164	HiC_scaffold_5	8800000	9000000
1165	HiC_scaffold_5	9000000	9200000
1166	HiC_scaffold_5	9200000	9400000
1167	HiC_scaffold_5	9400000	9600000
1168	HiC_scaffold_5	9600000	9800000
1169	HiC_scaffold_5	9800000	10000000
1170	HiC_scaffold_5	10000000	10200000
1171	HiC_scaffold_5	10200000	10400000
1172	HiC_scaffold_5	10400000	10600000
1173	HiC_scaffold_5	10600000	10800000
1174	HiC_scaffold_5	10800000	11000000
1175	HiC_scaffold_5	11000000	11200000
1176	HiC_scaffold_5	11200000	11400000
1177	HiC_scaffold_5	11400000	11600000
1178	HiC_scaffold_5	11600000	11800000
1179	HiC_scaffold_5	11800000	12000000
1180	HiC_scaffold_5	12000000	12200000
1181	HiC_scaffold_5	12200000	12400000
1182	HiC_scaffold_5	12400000	12600000
1183	HiC_scaffold_5	12600000	12800000
1184	HiC_scaffold_5	12800000	13000000
1185	HiC_scaffold_5	13000000	13200000
1186	HiC_scaffold_5	13200000	13400000
1187	HiC_scaffold_5	13400000	13600000
1188	HiC_scaffold_5	13600000	13800000
1189	HiC_scaffold_5	13800000	14000000
1190	HiC_scaffold_5	14000000	14200000
1191	HiC_scaffold_5	14200000	14400000
1192	HiC_scaffold_5	14400000	14600000
1193	HiC_scaffold_5	14600000	14800000
1194	HiC_scaffold_5	14800000	15000000
1195	HiC_scaffold_5	15000000	15200000
1196	HiC_scaffold_5	15200000	15400000
1197	HiC_scaffold_5	15400000	15600000
1198	HiC_scaffold_5	15600000	15800000
1199	HiC_scaffold_5	15800000	16000000
1200	HiC_scaffold_5	16000000	16200000
1201	HiC_scaffold_5	16200000	16400000
1202	HiC_scaffold_5	16400000	16600000
1203	HiC_scaffold_5	16600000	16800000
1204	HiC_scaffold_5	16800000	17000000
1205	HiC_scaffold_5	17000000	17200000
1206	HiC_scaffold_5	17200000	17400000
1207	HiC_scaffold_5	17400000	17600000
1208	HiC_scaffold_5	17600000	17800000
1209	HiC_scaffold_5	17800000	18000000
1210	HiC_scaffold_5	18000000	18200000
1211	HiC_scaffold_5	18200000	18400000
1212	HiC_scaffold_5	18400000	18600000
1213	HiC_scaffold_5	18600000	18800000
1214	HiC_scaffold_5	18800000	19000000
1215	HiC_scaffold_5	19000000	19200000
1216	HiC_scaffold_5	19200000	19400000
1217	HiC_scaffold_5	19400000	19600000
1218	HiC_scaffold_5	19600000	19800000
1219	HiC_scaffold_5	19800000	20000000
1220	HiC_scaffold_5	20000000	20200000
1221	HiC_scaffold_5	20200000	20400000
1222	HiC_scaffold_5	20400000	20600000
1223	HiC_scaffold_5	20600000	20800000
1224	HiC_scaffold_5	20800000	21000000
1225	HiC_scaffold_5	21000000	21200000
1226	HiC_scaffold_5	21200000	21400000
1227	HiC_scaffold_5	21400000	21600000
1228	HiC_scaffold_5	21600000	21800000
1229	HiC_scaffold_5	21800000	22000000
1230	HiC_scaffold_5	22000000	22200000
1231	HiC_scaffold_5	22200000	22400000
1232	HiC_scaffold_5	22400000	22600000
1233	HiC_scaffold_5	22600000	22800000
1234	HiC_scaffold_5	22800000	23000000
1235	HiC_scaffold_5	23000000	23200000
1236	HiC_scaffold_5	23200000	23400000
1237	HiC_scaffold_5	23400000	23600000
1238	HiC_scaffold_5	23600000	23800000
1239	HiC_scaffold_5	23800000	24000000
1240	HiC_scaffold_5	24000000	24200000
1241	HiC_scaffold_5	24200000	24400000
1242	HiC_scaffold_5	24400000	24600000
1243	HiC_scaffold_5	24600000	24800000
1244	HiC_scaffold_5	24800000	25000000
1245	HiC_scaffold_5	25000000	25200000
1246	HiC_scaffold_5	25200000	25400000
1247	HiC_scaffold_5	25400000	25600000
1248	HiC_scaffold_5	25600000	25800000
1249	HiC_scaffold_5	25800000	26000000
1250	HiC_scaffold_5	26000000	26200000
1251	HiC_scaffold_5	26200000	26400000
1252	HiC_scaffold_5	26400000	26600000
1253	HiC_scaffold_5	26600000	26800000
1254	HiC_scaffold_5	26800000	27000000
1255	HiC_scaffold_5	27000000	27200000
1256	HiC_scaffold_5	27200000	27400000
1257	HiC_scaffold_5	27400000	27600000
1258	HiC_scaffold_5	27600000	27800000
1259	HiC_scaffold_5	27800000	28000000
1260	HiC_scaffold_5	28000000	28200000
1261	HiC_scaffold_5	28200000	28400000
1262	HiC_scaffold_5	28400000	28600000
1263	HiC_scaffold_5	28600000	28800000
1264	HiC_scaffold_5	28800000	29000000
1265	HiC_scaffold_5	29000000	29200000
1266	HiC_scaffold_5	29200000	29400000
1267	HiC_scaffold_5	29400000	29600000
1268	HiC_scaffold_5	29600000	29800000
1269	HiC_scaffold_5	29800000	30000000
1270	HiC_scaffold_5	30000000	30200000
1271	HiC_scaffold_5	30200000	30400000
1272	HiC_scaffold_5	30400000	30600000
1273	HiC_scaffold_5	30600000	30800000
1274	HiC_scaffold_5	30800000	31000000
1275	HiC_scaffold_5	31000000	31200000
1276	HiC_scaffold_5	31200000	31400000
1277	HiC_scaffold_5	31400000	31600000
1278	HiC_scaffold_5	31600000	31800000
1279	HiC_scaffold_5	31800000	32000000
1280	HiC_scaffold_5	32000000	32200000
1281	HiC_scaffold_5	32200000	32400000
1282	HiC_scaffold_5	32400000	32600000
1283	HiC_scaffold_5	32600000	32800000
1284	HiC_scaffold_5	32800000	33000000
1285	HiC_scaffold_5	33000000	33200000
1286	HiC_scaffold_5	33200000	33400000
1287	HiC_scaffold_5	33400000	33600000
1288	HiC_scaffold_5	33600000	33800000
1289	HiC_scaffold_5	33800000	34000000
1290	HiC_scaffold_5	34000000	34200000
1291	HiC_scaffold_5	34200000	34400000
1292	HiC_scaffold_5	34400000	34600000
1293	HiC_scaffold_5	34600000	34800000
1294	HiC_scaffold_5	34800000	35000000
1295	HiC_scaffold_5	35000000	35200000
1296	HiC_scaffold_5	35200000	35400000
1297	HiC_scaffold_5	35400000	35600000
1298	HiC_scaffold_5	35600000	35800000
1299	HiC_scaffold_5	35800000	36000000
1300	HiC_scaffold_5	36000000	36200000
1301	HiC_scaffold_5	36200000	36400000
1302	HiC_scaffold_5	36400000	36493741
1303	HiC_scaffold_6	0	200000
1304	HiC_scaffold_6	200000	400000
1305	HiC_scaffold_6	400000	600000
1306	HiC_scaffold_6	600000	800000
1307	HiC_scaffold_6	800000	1000000
1308	HiC_scaffold_6	1000000	1200000
1309	HiC_scaffold_6	1200000	1400000
1310	HiC_scaffold_6	1400000	1600000
1311	HiC_scaffold_6	1600000	1800000
1312	HiC_scaffold_6	1800000	2000000
1313	HiC_scaffold_6	2000000	2200000
1314	HiC_scaffold_6	2200000	2400000
1315	HiC_scaffold_6	2400000	2600000
1316	HiC_scaffold_6	2600000	2800000
1317	HiC_scaffold_6	2800000	3000000
1318	HiC_scaffold_6	3000000	3200000
1319	HiC_scaffold_6	3200000	3400000
1320	HiC_scaffold_6	3400000	3600000
1321	HiC_scaffold_6	3600000	3800000
1322	HiC_scaffold_6	3800000	4000000
1323	HiC_scaffold_6	4000000	4200000
1324	HiC_scaffold_6	4200000	4400000
1325	HiC_scaffold_6	4400000	4600000
1326	HiC_scaffold_6	4600000	4800000
1327	HiC_scaffold_6	4800000	5000000
1328	HiC_scaffold_6	5000000	5200000
1329	HiC_scaffold_6	5200000	5400000
1330	HiC_scaffold_6	5400000	5600000
1331	HiC_scaffold_6	5600000	5800000
1332	HiC_scaffold_6	5800000	6000000
1333	HiC_scaffold_6	6000000	6200000
1334	HiC_scaffold_6	6200000	6400000
1335	HiC_scaffold_6	6400000	6600000
1336	HiC_scaffold_6	6600000	6800000
1337	HiC_scaffold_6	6800000	7000000
1338	HiC_scaffold_6	7000000	7200000
1339	HiC_scaffold_6	7200000	7400000
1340	HiC_scaffold_6	7400000	7600000
1341	HiC_scaffold_6	7600000	7800000
1342	HiC_scaffold_6	7800000	8000000
1343	HiC_scaffold_6	8000000	8200000
1344	HiC_scaffold_6	8200000	8400000
1345	HiC_scaffold_6	8400000	8600000
1346	HiC_scaffold_6	8600000	8800000
1347	HiC_scaffold_6	8800000	9000000
1348	HiC_scaffold_6	9000000	9200000
1349	HiC_scaffold_6	9200000	9400000
1350	HiC_scaffold_6	9400000	9600000
1351	HiC_scaffold_6	9600000	9800000
1352	HiC_scaffold_6	9800000	10000000
1353	HiC_scaffold_6	10000000	10200000
1354	HiC_scaffold_6	10200000	10400000
1355	HiC_scaffold_6	10400000	10600000
1356	HiC_scaffold_6	10600000	10800000
1357	HiC_scaffold_6	10800000	11000000
1358	HiC_scaffold_6	11000000	11200000
1359	HiC_scaffold_6	11200000	11400000
1360	HiC_scaffold_6	11400000	11600000
1361	HiC_scaffold_6	11600000	11800000
1362	HiC_scaffold_6	11800000	12000000
1363	HiC_scaffold_6	12000000	12200000
1364	HiC_scaffold_6	12200000	12400000
1365	HiC_scaffold_6	12400000	12600000
1366	HiC_scaffold_6	12600000	12800000
1367	HiC_scaffold_6	12800000	13000000
1368	HiC_scaffold_6	13000000	13200000
1369	HiC_scaffold_6	13200000	13400000
1370	HiC_scaffold_6	13400000	13600000
1371	HiC_scaffold_6	13600000	13800000
1372	HiC_scaffold_6	13800000	14000000
1373	HiC_scaffold_6	14000000	14200000
1374	HiC_scaffold_6	14200000	14400000
1375	HiC_scaffold_6	14400000	14600000
1376	HiC_scaffold_6	14600000	14800000
1377	HiC_scaffold_6	14800000	15000000
1378	HiC_scaffold_6	15000000	15200000
1379	HiC_scaffold_6	15200000	15400000
1380	HiC_scaffold_6	15400000	15600000
1381	HiC_scaffold_6	15600000	15800000
1382	HiC_scaffold_6	15800000	16000000
1383	HiC_scaffold_6	16000000	16200000
1384	HiC_scaffold_6	16200000	16400000
1385	HiC_scaffold_6	16400000	16600000
1386	HiC_scaffold_6	16600000	16800000
1387	HiC_scaffold_6	16800000	17000000
1388	HiC_scaffold_6	17000000	17200000
1389	HiC_scaffold_6	17200000	17400000
1390	HiC_scaffold_6	17400000	17600000
1391	HiC_scaffold_6	17600000	17800000
1392	HiC_scaffold_6	17800000	18000000
1393	HiC_scaffold_6	18000000	18200000
1394	HiC_scaffold_6	18200000	18400000
1395	HiC_scaffold_6	18400000	18600000
1396	HiC_scaffold_6	18600000	18800000
1397	HiC_scaffold_6	18800000	19000000
1398	HiC_scaffold_6	19000000	19200000
1399	HiC_scaffold_6	19200000	19400000
1400	HiC_scaffold_6	19400000	19600000
1401	HiC_scaffold_6	19600000	19800000
1402	HiC_scaffold_6	19800000	20000000
1403	HiC_scaffold_6	20000000	20200000
1404	HiC_scaffold_6	20200000	20400000
1405	HiC_scaffold_6	20400000	20600000
1406	HiC_scaffold_6	20600000	20800000
1407	HiC_scaffold_6	20800000	21000000
1408	HiC_scaffold_6	21000000	21200000
1409	HiC_scaffold_6	21200000	21400000
1410	HiC_scaffold_6	21400000	21600000
1411	HiC_scaffold_6	21600000	21800000
1412	HiC_scaffold_6	21800000	22000000
1413	HiC_scaffold_6	22000000	22200000
1414	HiC_scaffold_6	22200000	22400000
1415	HiC_scaffold_6	22400000	22600000
1416	HiC_scaffold_6	22600000	22800000
1417	HiC_scaffold_6	22800000	23000000
1418	HiC_scaffold_6	23000000	23200000
1419	HiC_scaffold_6	23200000	23400000
1420	HiC_scaffold_6	23400000	23600000
1421	HiC_scaffold_6	23600000	23800000
1422	HiC_scaffold_6	23800000	24000000
1423	HiC_scaffold_6	24000000	24200000
1424	HiC_scaffold_6	24200000	24400000
1425	HiC_scaffold_6	24400000	24600000
1426	HiC_scaffold_6	24600000	24800000
1427	HiC_scaffold_6	24800000	25000000
1428	HiC_scaffold_6	25000000	25200000
1429	HiC_scaffold_6	25200000	25400000
1430	HiC_scaffold_6	25400000	25600000
1431	HiC_scaffold_6	25600000	25800000
1432	HiC_scaffold_6	25800000	26000000
1433	HiC_scaffold_6	26000000	26200000
1434	HiC_scaffold_6	26200000	26400000
1435	HiC_scaffold_6	26400000	26600000
1436	HiC_scaffold_6	26600000	26800000
1437	HiC_scaffold_6	26800000	27000000
1438	HiC_scaffold_6	27000000	27200000
1439	HiC_scaffold_6	27200000	27400000
1440	HiC_scaffold_6	27400000	27600000
1441	HiC_scaffold_6	27600000	27800000
1442	HiC_scaffold_6	27800000	28000000
1443	HiC_scaffold_6	28000000	28200000
1444	HiC_scaffold_6	28200000	28400000
1445	HiC_scaffold_6	28400000	28600000
1446	HiC_scaffold_6	28600000	28800000
1447	HiC_scaffold_6	28800000	29000000
1448	HiC_scaffold_6	29000000	29200000
1449	HiC_scaffold_6	29200000	29400000
1450	HiC_scaffold_6	29400000	29600000
1451	HiC_scaffold_6	29600000	29800000
1452	HiC_scaffold_6	29800000	30000000
1453	HiC_scaffold_6	30000000	30200000
1454	HiC_scaffold_6	30200000	30400000
1455	HiC_scaffold_6	30400000	30600000
1456	HiC_scaffold_6	30600000	30800000
1457	HiC_scaffold_6	30800000	31000000
1458	HiC_scaffold_6	31000000	31200000
1459	HiC_scaffold_6	31200000	31400000
1460	HiC_scaffold_6	31400000	31600000
1461	HiC_scaffold_6	31600000	31800000
1462	HiC_scaffold_6	31800000	32000000
1463	HiC_scaffold_6	32000000	32200000
1464	HiC_scaffold_6	32200000	32400000
1465	HiC_scaffold_6	32400000	32600000
1466	HiC_scaffold_6	32600000	32800000
1467	HiC_scaffold_6	32800000	33000000
1468	HiC_scaffold_6	33000000	33200000
1469	HiC_scaffold_6	33200000	33400000
1470	HiC_scaffold_6	33400000	33600000
1471	HiC_scaffold_6	33600000	33800000
1472	HiC_scaffold_6	33800000	34000000
1473	HiC_scaffold_6	34000000	34200000
1474	HiC_scaffold_6	34200000	34400000
1475	HiC_scaffold_6	34400000	34600000
1476	HiC_scaffold_6	34600000	34800000
1477	HiC_scaffold_6	34800000	35000000
1478	HiC_scaffold_6	35000000	35200000
1479	HiC_scaffold_6	35200000	35400000
1480	HiC_scaffold_6	35400000	35515933