0001	ptg000001l	0	200000
0002	ptg000001l	200000	400000
0003	ptg000001l	400000	600000
0004	ptg000001l	600000	800000
0005	ptg000001l	800000	994003
0006	ptg000010l	0	200000
0007	ptg000010l	200000	400000
0008	ptg000010l	400000	565833
0009	ptg000018l	0	200000
0010	ptg000018l	200000	320604
0011	ptg000019l	0	200000
0012	ptg000019l	200000	400000
0013	ptg000019l	400000	419439
0014	ptg000020l	0	200000
0015	ptg000020l	200000	400000
0016	ptg000020l	400000	600000
0017	ptg000020l	600000	608792
0018	ptg000024l	0	200000
0019	ptg000024l	200000	400000
0020	ptg000024l	400000	600000
0021	ptg000024l	600000	800000
0022	ptg000024l	800000	1000000
0023	ptg000024l	1000000	1200000
0024	ptg000024l	1200000	1400000
0025	ptg000024l	1400000	1554163
0026	ptg000026l	0	200000
0027	ptg000026l	200000	400000
0028	ptg000026l	400000	594110
0029	ptg000027l	0	200000
0030	ptg000027l	200000	249337
0031	ptg000031l	0	200000
0032	ptg000031l	200000	400000
0033	ptg000031l	400000	600000
0034	ptg000031l	600000	617151
0035	ptg000032l	0	200000
0036	ptg000032l	200000	400000
0037	ptg000032l	400000	600000
0038	ptg000032l	600000	800000
0039	ptg000032l	800000	824376
0040	ptg000035l	0	200000
0041	ptg000035l	200000	400000
0042	ptg000035l	400000	424802
0043	ptg000038l	0	200000
0044	ptg000038l	200000	400000
0045	ptg000038l	400000	492896
0046	ptg000039l	0	200000
0047	ptg000039l	200000	400000
0048	ptg000039l	400000	600000
0049	ptg000039l	600000	739133
0050	ptg000045l	0	200000
0051	ptg000045l	200000	400000
0052	ptg000045l	400000	600000
0053	ptg000045l	600000	625273
0054	ptg000048l	0	200000
0055	ptg000048l	200000	352082
0056	ptg000051l	0	169905
0057	ptg000054l	0	200000
0058	ptg000054l	200000	400000
0059	ptg000054l	400000	600000
0060	ptg000054l	600000	800000
0061	ptg000054l	800000	850386
0062	ptg000056l	0	200000
0063	ptg000056l	200000	400000
0064	ptg000056l	400000	443476
0065	ptg000057l	0	200000
0066	ptg000057l	200000	400000
0067	ptg000057l	400000	600000
0068	ptg000057l	600000	613363
0069	ptg000058l	0	200000
0070	ptg000058l	200000	400000
0071	ptg000058l	400000	600000
0072	ptg000058l	600000	800000
0073	ptg000058l	800000	838972
0074	ptg000067l	0	200000
0075	ptg000067l	200000	400000
0076	ptg000067l	400000	439204
0077	ptg000068l	0	200000
0078	ptg000068l	200000	400000
0079	ptg000068l	400000	600000
0080	ptg000068l	600000	800000
0081	ptg000068l	800000	1000000
0082	ptg000068l	1000000	1112275
0083	ptg000071l	0	37885
0084	ptg000072l	0	144704
0085	ptg000075l	0	176941
0086	ptg000076l	0	39974
0087	ptg000079l	0	200000
0088	ptg000079l	200000	400000
0089	ptg000079l	400000	600000
0090	ptg000079l	600000	800000
0091	ptg000079l	800000	1000000
0092	ptg000079l	1000000	1200000
0093	ptg000079l	1200000	1400000
0094	ptg000079l	1400000	1405374
0095	ptg000082l	0	200000
0096	ptg000082l	200000	270875
0097	ptg000088l	0	200000
0098	ptg000088l	200000	400000
0099	ptg000088l	400000	522663
0100	ptg000089l	0	151035
0101	ptg000090l	0	200000
0102	ptg000090l	200000	400000
0103	ptg000090l	400000	600000
0104	ptg000090l	600000	719315
0105	ptg000093l	0	200000
0106	ptg000093l	200000	400000
0107	ptg000093l	400000	600000
0108	ptg000093l	600000	800000
0109	ptg000093l	800000	1000000
0110	ptg000093l	1000000	1200000
0111	ptg000093l	1200000	1400000
0112	ptg000093l	1400000	1407148
0113	ptg000097l	0	200000
0114	ptg000097l	200000	400000
0115	ptg000097l	400000	511494
0116	ptg000099l	0	200000
0117	ptg000099l	200000	400000
0118	ptg000099l	400000	402604
0119	ptg000100l	0	200000
0120	ptg000100l	200000	259397
0121	ptg000101l	0	200000
0122	ptg000101l	200000	400000
0123	ptg000101l	400000	600000
0124	ptg000101l	600000	800000
0125	ptg000101l	800000	1000000
0126	ptg000101l	1000000	1200000
0127	ptg000101l	1200000	1400000
0128	ptg000101l	1400000	1489183
0129	ptg000102l	0	200000
0130	ptg000102l	200000	400000
0131	ptg000102l	400000	600000
0132	ptg000102l	600000	800000
0133	ptg000102l	800000	1000000
0134	ptg000102l	1000000	1086493
0135	ptg000104l	0	111940
0136	ptg000106l	0	69622
0137	ptg000107l	0	200000
0138	ptg000107l	200000	400000
0139	ptg000107l	400000	600000
0140	ptg000107l	600000	799019
0141	ptg000108l	0	200000
0142	ptg000108l	200000	256345
0143	ptg000113l	0	200000
0144	ptg000113l	200000	229397
0145	ptg000114l	0	200000
0146	ptg000114l	200000	400000
0147	ptg000114l	400000	426785
0148	ptg000115l	0	113604
0149	ptg000123l	0	200000
0150	ptg000123l	200000	311107
0151	ptg000129l	0	200000
0152	ptg000129l	200000	400000
0153	ptg000129l	400000	402278
0154	ptg000130l	0	200000
0155	ptg000130l	200000	400000
0156	ptg000130l	400000	424895
0157	ptg000131l	0	200000
0158	ptg000131l	200000	400000
0159	ptg000131l	400000	600000
0160	ptg000131l	600000	800000
0161	ptg000131l	800000	1000000
0162	ptg000131l	1000000	1001002
0163	ptg000135l	0	200000
0164	ptg000135l	200000	400000
0165	ptg000135l	400000	600000
0166	ptg000135l	600000	685655
0167	ptg000139l	0	62951
0168	ptg000141l	0	200000
0169	ptg000141l	200000	400000
0170	ptg000141l	400000	600000
0171	ptg000141l	600000	633381
0172	ptg000143l	0	200000
0173	ptg000143l	200000	400000
0174	ptg000143l	400000	600000
0175	ptg000143l	600000	800000
0176	ptg000143l	800000	1000000
0177	ptg000143l	1000000	1053408
0178	ptg000145l	0	200000
0179	ptg000145l	200000	400000
0180	ptg000145l	400000	475913
0181	ptg000151l	0	132552
0182	ptg000152l	0	84005
0183	ptg000153l	0	32586
0184	ptg000157l	0	200000
0185	ptg000157l	200000	400000
0186	ptg000157l	400000	517697
0187	ptg000158l	0	200000
0188	ptg000158l	200000	400000
0189	ptg000158l	400000	553897
0190	ptg000161l	0	141535
0191	ptg000164l	0	72468
0192	ptg000166l	0	200000
0193	ptg000166l	200000	361219
0194	ptg000170l	0	60230
0195	ptg000171l	0	200000
0196	ptg000171l	200000	216398
0197	ptg000172l	0	26665
0198	ptg000175l	0	200000
0199	ptg000175l	200000	400000
0200	ptg000175l	400000	581578
0201	ptg000182l	0	200000
0202	ptg000182l	200000	200192
0203	ptg000183l	0	38018
0204	ptg000195l	0	200000
0205	ptg000195l	200000	400000
0206	ptg000195l	400000	600000
0207	ptg000195l	600000	800000
0208	ptg000195l	800000	859264
0209	ptg000196l	0	200000
0210	ptg000196l	200000	400000
0211	ptg000196l	400000	600000
0212	ptg000196l	600000	747489
0213	ptg000197l	0	200000
0214	ptg000197l	200000	359936
0215	ptg000199l	0	200000
0216	ptg000199l	200000	400000
0217	ptg000199l	400000	600000
0218	ptg000199l	600000	800000
0219	ptg000199l	800000	937175
0220	ptg000200l	0	200000
0221	ptg000200l	200000	269704
0222	ptg000205l	0	200000
0223	ptg000205l	200000	253123
0224	ptg000207l	0	200000
0225	ptg000207l	200000	351226
0226	ptg000208l	0	149275
0227	ptg000209l	0	42856
0228	ptg000215l	0	200000
0229	ptg000215l	200000	215437
0230	ptg000216l	0	134442
0231	ptg000220l	0	200000
0232	ptg000220l	200000	400000
0233	ptg000220l	400000	600000
0234	ptg000220l	600000	800000
0235	ptg000220l	800000	1000000
0236	ptg000220l	1000000	1183833
0237	ptg000221l	0	73339
0238	ptg000222l	0	200000
0239	ptg000222l	200000	346923
0240	ptg000223l	0	166107
0241	ptg000230l	0	200000
0242	ptg000230l	200000	400000
0243	ptg000230l	400000	600000
0244	ptg000230l	600000	800000
0245	ptg000230l	800000	1000000
0246	ptg000230l	1000000	1200000
0247	ptg000230l	1200000	1400000
0248	ptg000230l	1400000	1600000
0249	ptg000230l	1600000	1800000
0250	ptg000230l	1800000	1811668
0251	ptg000234l	0	200000
0252	ptg000234l	200000	400000
0253	ptg000234l	400000	600000
0254	ptg000234l	600000	800000
0255	ptg000234l	800000	922955
0256	ptg000238l	0	174370
0257	ptg000243l	0	200000
0258	ptg000243l	200000	400000
0259	ptg000243l	400000	427692
0260	ptg000251l	0	200000
0261	ptg000251l	200000	400000
0262	ptg000251l	400000	459335
0263	ptg000254l	0	200000
0264	ptg000254l	200000	400000
0265	ptg000254l	400000	561031
0266	ptg000260l	0	200000
0267	ptg000260l	200000	400000
0268	ptg000260l	400000	600000
0269	ptg000260l	600000	800000
0270	ptg000260l	800000	944427
0271	ptg000262l	0	26810
0272	ptg000265l	0	64985
0273	ptg000274l	0	200000
0274	ptg000274l	200000	338440
0275	ptg000275l	0	200000
0276	ptg000275l	200000	400000
0277	ptg000275l	400000	600000
0278	ptg000275l	600000	750635
0279	ptg000276l	0	200000
0280	ptg000276l	200000	301256
0281	ptg000278l	0	200000
0282	ptg000278l	200000	400000
0283	ptg000278l	400000	536469
0284	ptg000281l	0	131522
0285	ptg000283l	0	150496
0286	ptg000284l	0	125304
0287	ptg000288l	0	200000
0288	ptg000288l	200000	400000
0289	ptg000288l	400000	600000
0290	ptg000288l	600000	800000
0291	ptg000288l	800000	1000000
0292	ptg000288l	1000000	1119985
0293	ptg000293l	0	47189
0294	ptg000300l	0	200000
0295	ptg000300l	200000	400000
0296	ptg000300l	400000	514228
0297	ptg000303l	0	200000
0298	ptg000303l	200000	400000
0299	ptg000303l	400000	468536
0300	ptg000304l	0	200000
0301	ptg000304l	200000	400000
0302	ptg000304l	400000	600000
0303	ptg000304l	600000	659967
0304	ptg000305l	0	200000
0305	ptg000305l	200000	400000
0306	ptg000305l	400000	600000
0307	ptg000305l	600000	607265
0308	ptg000307l	0	81911
0309	ptg000310l	0	199480
0310	ptg000312l	0	200000
0311	ptg000312l	200000	341139
0312	ptg000316l	0	200000
0313	ptg000316l	200000	400000
0314	ptg000316l	400000	600000
0315	ptg000316l	600000	800000
0316	ptg000316l	800000	1000000
0317	ptg000316l	1000000	1079733
0318	ptg000317l	0	200000
0319	ptg000317l	200000	400000
0320	ptg000317l	400000	590267
0321	ptg000320l	0	200000
0322	ptg000320l	200000	400000
0323	ptg000320l	400000	526120
0324	ptg000321l	0	200000
0325	ptg000321l	200000	366639
0326	ptg000323l	0	200000
0327	ptg000323l	200000	400000
0328	ptg000323l	400000	600000
0329	ptg000323l	600000	603422
0330	ptg000324l	0	74214
0331	ptg000325l	0	200000
0332	ptg000325l	200000	400000
0333	ptg000325l	400000	600000
0334	ptg000325l	600000	800000
0335	ptg000325l	800000	967246
0336	ptg000326l	0	200000
0337	ptg000326l	200000	400000
0338	ptg000326l	400000	436457
0339	ptg000327l	0	200000
0340	ptg000327l	200000	373735
0341	ptg000328l	0	200000
0342	ptg000328l	200000	393559
0343	ptg000332l	0	200000
0344	ptg000332l	200000	400000
0345	ptg000332l	400000	600000
0346	ptg000332l	600000	800000
0347	ptg000332l	800000	1000000
0348	ptg000332l	1000000	1200000
0349	ptg000332l	1200000	1400000
0350	ptg000332l	1400000	1600000
0351	ptg000332l	1600000	1800000
0352	ptg000332l	1800000	1812395
0353	ptg000334l	0	200000
0354	ptg000334l	200000	400000
0355	ptg000334l	400000	600000
0356	ptg000334l	600000	800000
0357	ptg000334l	800000	1000000
0358	ptg000334l	1000000	1200000
0359	ptg000334l	1200000	1400000
0360	ptg000334l	1400000	1600000
0361	ptg000334l	1600000	1800000
0362	ptg000334l	1800000	2000000
0363	ptg000334l	2000000	2200000
0364	ptg000334l	2200000	2400000
0365	ptg000334l	2400000	2600000
0366	ptg000334l	2600000	2800000
0367	ptg000334l	2800000	3000000
0368	ptg000334l	3000000	3088313
0369	ptg000346l	0	200000
0370	ptg000346l	200000	400000
0371	ptg000346l	400000	600000
0372	ptg000346l	600000	800000
0373	ptg000346l	800000	962719
0374	ptg000347l	0	200000
0375	ptg000347l	200000	400000
0376	ptg000347l	400000	600000
0377	ptg000347l	600000	617828
0378	ptg000350l	0	200000
0379	ptg000350l	200000	358299
0380	ptg000358l	0	200000
0381	ptg000358l	200000	400000
0382	ptg000358l	400000	600000
0383	ptg000358l	600000	653724
0384	ptg000359l	0	83865
0385	ptg000364l	0	200000
0386	ptg000364l	200000	400000
0387	ptg000364l	400000	600000
0388	ptg000364l	600000	800000
0389	ptg000364l	800000	1000000
0390	ptg000364l	1000000	1200000
0391	ptg000364l	1200000	1291988
0392	ptg000365l	0	200000
0393	ptg000365l	200000	400000
0394	ptg000365l	400000	600000
0395	ptg000365l	600000	604962
0396	ptg000366l	0	200000
0397	ptg000366l	200000	400000
0398	ptg000366l	400000	600000
0399	ptg000366l	600000	800000
0400	ptg000366l	800000	973126
0401	ptg000369l	0	21261
0402	ptg000372l	0	108690
0403	ptg000375l	0	125363
0404	ptg000383l	0	200000
0405	ptg000383l	200000	400000
0406	ptg000383l	400000	600000
0407	ptg000383l	600000	658369
0408	ptg000388l	0	200000
0409	ptg000388l	200000	400000
0410	ptg000388l	400000	600000
0411	ptg000388l	600000	800000
0412	ptg000388l	800000	822126
0413	ptg000390l	0	76362
0414	ptg000398l	0	138914
0415	ptg000403l	0	200000
0416	ptg000403l	200000	400000
0417	ptg000403l	400000	600000
0418	ptg000403l	600000	800000
0419	ptg000403l	800000	899822
0420	ptg000405l	0	200000
0421	ptg000405l	200000	400000
0422	ptg000405l	400000	600000
0423	ptg000405l	600000	800000
0424	ptg000405l	800000	843688
0425	ptg000406l	0	200000
0426	ptg000406l	200000	231696
0427	ptg000408l	0	200000
0428	ptg000408l	200000	400000
0429	ptg000408l	400000	437617
0430	ptg000409l	0	200000
0431	ptg000409l	200000	291089
0432	ptg000412l	0	200000
0433	ptg000412l	200000	400000
0434	ptg000412l	400000	459505
0435	ptg000415l	0	36048
0436	ptg000416l	0	19434
0437	ptg000417l	0	89694
0438	ptg000423l	0	41583
0439	ptg000424l	0	20099
0440	ptg000429l	0	44577
0441	ptg000436l	0	200000
0442	ptg000436l	200000	400000
0443	ptg000436l	400000	451256
0444	ptg000442l	0	200000
0445	ptg000442l	200000	232566
0446	ptg000444l	0	200000
0447	ptg000444l	200000	400000
0448	ptg000444l	400000	566557
0449	ptg000449l	0	200000
0450	ptg000449l	200000	400000
0451	ptg000449l	400000	600000
0452	ptg000449l	600000	800000
0453	ptg000449l	800000	1000000
0454	ptg000449l	1000000	1185112
0455	ptg000456l	0	200000
0456	ptg000456l	200000	400000
0457	ptg000456l	400000	600000
0458	ptg000456l	600000	800000
0459	ptg000456l	800000	1000000
0460	ptg000456l	1000000	1200000
0461	ptg000456l	1200000	1400000
0462	ptg000456l	1400000	1455626
0463	ptg000462l	0	200000
0464	ptg000462l	200000	400000
0465	ptg000462l	400000	600000
0466	ptg000462l	600000	800000
0467	ptg000462l	800000	998411
0468	ptg000466l	0	200000
0469	ptg000466l	200000	400000
0470	ptg000466l	400000	600000
0471	ptg000466l	600000	800000
0472	ptg000466l	800000	892783
0473	ptg000468l	0	28686
0474	ptg000469l	0	200000
0475	ptg000469l	200000	400000
0476	ptg000469l	400000	600000
0477	ptg000469l	600000	800000
0478	ptg000469l	800000	1000000
0479	ptg000469l	1000000	1200000
0480	ptg000469l	1200000	1350626
0481	ptg000474l	0	200000
0482	ptg000474l	200000	400000
0483	ptg000474l	400000	600000
0484	ptg000474l	600000	792561
0485	ptg000480l	0	136382
0486	ptg000486l	0	22263
0487	ptg000490l	0	179892
0488	ptg000491l	0	132137
0489	ptg000494l	0	200000
0490	ptg000494l	200000	400000
0491	ptg000494l	400000	600000
0492	ptg000494l	600000	608826
0493	ptg000496l	0	200000
0494	ptg000496l	200000	400000
0495	ptg000496l	400000	463098
0496	ptg000497l	0	200000
0497	ptg000497l	200000	400000
0498	ptg000497l	400000	600000
0499	ptg000497l	600000	649648
0500	ptg000501l	0	147120
0501	ptg000504l	0	200000
0502	ptg000504l	200000	400000
0503	ptg000504l	400000	522361
0504	ptg000506l	0	179434
0505	ptg000507l	0	200000
0506	ptg000507l	200000	265424
0507	ptg000509l	0	113929
0508	ptg000510l	0	200000
0509	ptg000510l	200000	400000
0510	ptg000510l	400000	600000
0511	ptg000510l	600000	800000
0512	ptg000510l	800000	1000000
0513	ptg000510l	1000000	1200000
0514	ptg000510l	1200000	1261832
0515	ptg000513l	0	200000
0516	ptg000513l	200000	400000
0517	ptg000513l	400000	554744
0518	ptg000518l	0	200000
0519	ptg000518l	200000	250847
0520	ptg000521l	0	200000
0521	ptg000521l	200000	400000
0522	ptg000521l	400000	600000
0523	ptg000521l	600000	635473
0524	ptg000523l	0	115943
0525	ptg000524l	0	56440
0526	ptg000525l	0	31723
0527	ptg000526l	0	200000
0528	ptg000526l	200000	400000
0529	ptg000526l	400000	600000
0530	ptg000526l	600000	800000
0531	ptg000526l	800000	1000000
0532	ptg000526l	1000000	1200000
0533	ptg000526l	1200000	1400000
0534	ptg000526l	1400000	1600000
0535	ptg000526l	1600000	1698008
0536	ptg000529l	0	51137
0537	ptg000531l	0	200000
0538	ptg000531l	200000	400000
0539	ptg000531l	400000	502322
0540	ptg000532l	0	200000
0541	ptg000532l	200000	268653
0542	ptg000533l	0	21213
0543	ptg000534l	0	34226
0544	ptg000537l	0	106708
0545	ptg000540l	0	149460
0546	ptg000545l	0	200000
0547	ptg000545l	200000	400000
0548	ptg000545l	400000	600000
0549	ptg000545l	600000	738141
0550	ptg000546l	0	200000
0551	ptg000546l	200000	400000
0552	ptg000546l	400000	600000
0553	ptg000546l	600000	800000
0554	ptg000546l	800000	1000000
0555	ptg000546l	1000000	1200000
0556	ptg000546l	1200000	1386645
0557	ptg000553l	0	200000
0558	ptg000553l	200000	326095
0559	ptg000554l	0	200000
0560	ptg000554l	200000	325512
0561	ptg000555l	0	102544
0562	ptg000557l	0	200000
0563	ptg000557l	200000	392704
0564	ptg000560l	0	200000
0565	ptg000560l	200000	245844
0566	ptg000561l	0	200000
0567	ptg000561l	200000	400000
0568	ptg000561l	400000	600000
0569	ptg000561l	600000	800000
0570	ptg000561l	800000	1000000
0571	ptg000561l	1000000	1200000
0572	ptg000561l	1200000	1400000
0573	ptg000561l	1400000	1600000
0574	ptg000561l	1600000	1752209
0575	ptg000562l	0	165521
0576	ptg000566l	0	200000
0577	ptg000566l	200000	400000
0578	ptg000566l	400000	600000
0579	ptg000566l	600000	800000
0580	ptg000566l	800000	1000000
0581	ptg000566l	1000000	1200000
0582	ptg000566l	1200000	1396382
0583	ptg000577l	0	200000
0584	ptg000577l	200000	400000
0585	ptg000577l	400000	600000
0586	ptg000577l	600000	743856
0587	ptg000579l	0	131008
0588	ptg000581l	0	200000
0589	ptg000581l	200000	400000
0590	ptg000581l	400000	445584
0591	ptg000582l	0	163812
0592	ptg000583l	0	200000
0593	ptg000583l	200000	400000
0594	ptg000583l	400000	600000
0595	ptg000583l	600000	692906
0596	ptg000584l	0	200000
0597	ptg000584l	200000	239615
0598	ptg000589l	0	200000
0599	ptg000589l	200000	347469
0600	ptg000590l	0	200000
0601	ptg000590l	200000	400000
0602	ptg000590l	400000	529305
0603	ptg000591l	0	200000
0604	ptg000591l	200000	400000
0605	ptg000591l	400000	446072
0606	ptg000592l	0	200000
0607	ptg000592l	200000	400000
0608	ptg000592l	400000	600000
0609	ptg000592l	600000	800000
0610	ptg000592l	800000	1000000
0611	ptg000592l	1000000	1200000
0612	ptg000592l	1200000	1348679
0613	ptg000598l	0	55178
0614	ptg000602l	0	200000
0615	ptg000602l	200000	400000
0616	ptg000602l	400000	535421
0617	ptg000614l	0	200000
0618	ptg000614l	200000	235969
0619	ptg000620l	0	200000
0620	ptg000620l	200000	299177
0621	ptg000621l	0	200000
0622	ptg000621l	200000	276663
0623	ptg000622l	0	97335
0624	ptg000623l	0	200000
0625	ptg000623l	200000	400000
0626	ptg000623l	400000	498203
0627	ptg000624l	0	200000
0628	ptg000624l	200000	205599
0629	ptg000625l	0	25877
0630	ptg000628l	0	200000
0631	ptg000628l	200000	400000
0632	ptg000628l	400000	600000
0633	ptg000628l	600000	800000
0634	ptg000628l	800000	1000000
0635	ptg000628l	1000000	1200000
0636	ptg000628l	1200000	1214137
0637	ptg000629l	0	158047
0638	ptg000640l	0	25745
0639	ptg000641l	0	36070
0640	ptg000643l	0	200000
0641	ptg000643l	200000	400000
0642	ptg000643l	400000	600000
0643	ptg000643l	600000	800000
0644	ptg000643l	800000	898737
0645	ptg000644l	0	200000
0646	ptg000644l	200000	400000
0647	ptg000644l	400000	600000
0648	ptg000644l	600000	800000
0649	ptg000644l	800000	1000000
0650	ptg000644l	1000000	1200000
0651	ptg000644l	1200000	1400000
0652	ptg000644l	1400000	1600000
0653	ptg000644l	1600000	1724624
0654	ptg000647l	0	26572
0655	ptg000648l	0	144132
0656	ptg000652l	0	136839
0657	ptg000653l	0	200000
0658	ptg000653l	200000	279259
0659	ptg000657l	0	200000
0660	ptg000657l	200000	400000
0661	ptg000657l	400000	600000
0662	ptg000657l	600000	601963
0663	ptg000659l	0	155604
0664	ptg000664l	0	200000
0665	ptg000664l	200000	400000
0666	ptg000664l	400000	521254
0667	ptg000673l	0	200000
0668	ptg000673l	200000	400000
0669	ptg000673l	400000	600000
0670	ptg000673l	600000	800000
0671	ptg000673l	800000	1000000
0672	ptg000673l	1000000	1150646
0673	ptg000675l	0	86210
0674	ptg000676l	0	200000
0675	ptg000676l	200000	400000
0676	ptg000676l	400000	600000
0677	ptg000676l	600000	800000
0678	ptg000676l	800000	1000000
0679	ptg000676l	1000000	1046739
0680	ptg000681l	0	200000
0681	ptg000681l	200000	400000
0682	ptg000681l	400000	600000
0683	ptg000681l	600000	761954
0684	ptg000685l	0	44454
0685	ptg000686l	0	200000
0686	ptg000686l	200000	400000
0687	ptg000686l	400000	580840
0688	ptg000687l	0	46678
0689	ptg000694l	0	200000
0690	ptg000694l	200000	400000
0691	ptg000694l	400000	600000
0692	ptg000694l	600000	800000
0693	ptg000694l	800000	992216
0694	ptg000698l	0	110812
0695	ptg000703l	0	200000
0696	ptg000703l	200000	270312
0697	ptg000704l	0	194275
0698	ptg000709l	0	200000
0699	ptg000709l	200000	400000
0700	ptg000709l	400000	600000
0701	ptg000709l	600000	800000
0702	ptg000709l	800000	1000000
0703	ptg000709l	1000000	1107457
0704	ptg000713l	0	200000
0705	ptg000713l	200000	400000
0706	ptg000713l	400000	554730
0707	ptg000724l	0	200000
0708	ptg000724l	200000	400000
0709	ptg000724l	400000	600000
0710	ptg000724l	600000	794108
0711	ptg000732l	0	21109
0712	ptg000741l	0	200000
0713	ptg000741l	200000	330000
0714	ptg000743l	0	200000
0715	ptg000743l	200000	400000
0716	ptg000743l	400000	600000
0717	ptg000743l	600000	800000
0718	ptg000743l	800000	1000000
0719	ptg000743l	1000000	1186964
0720	ptg000764l	0	200000
0721	ptg000764l	200000	400000
0722	ptg000764l	400000	600000
0723	ptg000764l	600000	672120
0724	ptg000765l	0	200000
0725	ptg000765l	200000	400000
0726	ptg000765l	400000	428907
0727	ptg000766l	0	200000
0728	ptg000766l	200000	290038
0729	ptg000768l	0	200000
0730	ptg000768l	200000	400000
0731	ptg000768l	400000	600000
0732	ptg000768l	600000	800000
0733	ptg000768l	800000	833562
0734	ptg000772l	0	200000
0735	ptg000772l	200000	400000
0736	ptg000772l	400000	600000
0737	ptg000772l	600000	800000
0738	ptg000772l	800000	968809
0739	ptg000776l	0	97465
0740	ptg000778l	0	21627
0741	ptg000786l	0	120466
0742	ptg000788l	0	182677
0743	ptg000789l	0	111326
0744	ptg000791l	0	200000
0745	ptg000791l	200000	398669
0746	ptg000793l	0	200000
0747	ptg000793l	200000	217441
0748	ptg000798l	0	200000
0749	ptg000798l	200000	269580
0750	ptg000805l	0	200000
0751	ptg000805l	200000	400000
0752	ptg000805l	400000	554647
0753	ptg000806l	0	200000
0754	ptg000806l	200000	400000
0755	ptg000806l	400000	600000
0756	ptg000806l	600000	800000
0757	ptg000806l	800000	1000000
0758	ptg000806l	1000000	1086805
0759	ptg000819l	0	200000
0760	ptg000819l	200000	400000
0761	ptg000819l	400000	600000
0762	ptg000819l	600000	690392
0763	ptg000820l	0	200000
0764	ptg000820l	200000	347499
0765	ptg000822l	0	200000
0766	ptg000822l	200000	273532
0767	ptg000823l	0	39648
0768	ptg000826l	0	200000
0769	ptg000826l	200000	400000
0770	ptg000826l	400000	600000
0771	ptg000826l	600000	800000
0772	ptg000826l	800000	986554
0773	ptg000828l	0	200000
0774	ptg000828l	200000	400000
0775	ptg000828l	400000	600000
0776	ptg000828l	600000	800000
0777	ptg000828l	800000	1000000
0778	ptg000828l	1000000	1200000
0779	ptg000828l	1200000	1400000
0780	ptg000828l	1400000	1409536
0781	ptg000829l	0	200000
0782	ptg000829l	200000	400000
0783	ptg000829l	400000	600000
0784	ptg000829l	600000	736015
0785	ptg000831l	0	200000
0786	ptg000831l	200000	349096
0787	ptg000832l	0	200000
0788	ptg000832l	200000	400000
0789	ptg000832l	400000	600000
0790	ptg000832l	600000	658051
0791	ptg000840l	0	57891
0792	ptg000844l	0	200000
0793	ptg000844l	200000	210033
0794	ptg000846l	0	200000
0795	ptg000846l	200000	373671
0796	ptg000847l	0	200000
0797	ptg000847l	200000	400000
0798	ptg000847l	400000	600000
0799	ptg000847l	600000	800000
0800	ptg000847l	800000	962348
0801	ptg000848l	0	200000
0802	ptg000848l	200000	400000
0803	ptg000848l	400000	600000
0804	ptg000848l	600000	697583
0805	ptg000850l	0	200000
0806	ptg000850l	200000	387270
0807	ptg000855l	0	200000
0808	ptg000855l	200000	400000
0809	ptg000855l	400000	600000
0810	ptg000855l	600000	800000
0811	ptg000855l	800000	852297
0812	ptg000859l	0	77862
0813	ptg000865l	0	200000
0814	ptg000865l	200000	400000
0815	ptg000865l	400000	481742
0816	ptg000875l	0	200000
0817	ptg000875l	200000	400000
0818	ptg000875l	400000	600000
0819	ptg000875l	600000	713152
0820	ptg000878l	0	63214
0821	ptg000885l	0	61341
0822	ptg000896l	0	195522
0823	ptg000897l	0	200000
0824	ptg000897l	200000	303378
0825	ptg000905l	0	200000
0826	ptg000905l	200000	400000
0827	ptg000905l	400000	413213
0828	ptg000908l	0	12085
0829	ptg000913l	0	52276
0830	ptg000919l	0	200000
0831	ptg000919l	200000	306479
0832	ptg000925l	0	54872
0833	ptg000928l	0	55743
0834	ptg000934l	0	200000
0835	ptg000934l	200000	228367
0836	ptg000935l	0	200000
0837	ptg000935l	200000	400000
0838	ptg000935l	400000	600000
0839	ptg000935l	600000	800000
0840	ptg000935l	800000	955563
0841	ptg000936l	0	200000
0842	ptg000936l	200000	400000
0843	ptg000936l	400000	434618
0844	ptg000941l	0	146865
0845	ptg000952l	0	200000
0846	ptg000952l	200000	400000
0847	ptg000952l	400000	600000
0848	ptg000952l	600000	800000
0849	ptg000952l	800000	942355
0850	ptg000953l	0	88633
0851	ptg000959l	0	200000
0852	ptg000959l	200000	388863
0853	ptg000961l	0	200000
0854	ptg000961l	200000	400000
0855	ptg000961l	400000	565187
0856	ptg000962l	0	200000
0857	ptg000962l	200000	400000
0858	ptg000962l	400000	468266
0859	ptg000963l	0	94855
0860	ptg000966l	0	200000
0861	ptg000966l	200000	400000
0862	ptg000966l	400000	600000
0863	ptg000966l	600000	800000
0864	ptg000966l	800000	1000000
0865	ptg000966l	1000000	1200000
0866	ptg000966l	1200000	1400000
0867	ptg000966l	1400000	1456435
0868	ptg000968l	0	85015
0869	ptg000969l	0	91673
0870	ptg000981l	0	200000
0871	ptg000981l	200000	400000
0872	ptg000981l	400000	479588
0873	ptg000983l	0	200000
0874	ptg000983l	200000	400000
0875	ptg000983l	400000	583380
0876	ptg000989l	0	17026
0877	ptg000990l	0	188540
0878	ptg000999l	0	200000
0879	ptg000999l	200000	400000
0880	ptg000999l	400000	600000
0881	ptg000999l	600000	741342
0882	ptg001003l	0	89852
0883	ptg001004l	0	200000
0884	ptg001004l	200000	391175
0885	ptg001006l	0	200000
0886	ptg001006l	200000	400000
0887	ptg001006l	400000	600000
0888	ptg001006l	600000	800000
0889	ptg001006l	800000	1000000
0890	ptg001006l	1000000	1193550
0891	ptg001011l	0	34400
0892	ptg001013l	0	200000
0893	ptg001013l	200000	400000
0894	ptg001013l	400000	600000
0895	ptg001013l	600000	658296
0896	ptg001015l	0	158132
0897	ptg001016l	0	200000
0898	ptg001016l	200000	400000
0899	ptg001016l	400000	600000
0900	ptg001016l	600000	800000
0901	ptg001016l	800000	1000000
0902	ptg001016l	1000000	1200000
0903	ptg001016l	1200000	1400000
0904	ptg001016l	1400000	1507154
0905	ptg001019l	0	50723
0906	ptg001020l	0	46963
0907	ptg001022l	0	50237
0908	ptg001024l	0	130515
0909	ptg001027l	0	82663
0910	ptg001028l	0	200000
0911	ptg001028l	200000	400000
0912	ptg001028l	400000	600000
0913	ptg001028l	600000	800000
0914	ptg001028l	800000	1000000
0915	ptg001028l	1000000	1018515
0916	ptg001035l	0	200000
0917	ptg001035l	200000	226403
0918	ptg001036l	0	200000
0919	ptg001036l	200000	394007
0920	ptg001040l	0	37141
0921	ptg001049l	0	29988
0922	ptg001057l	0	200000
0923	ptg001057l	200000	400000
0924	ptg001057l	400000	600000
0925	ptg001057l	600000	800000
0926	ptg001057l	800000	921144
0927	ptg001075l	0	49984
0928	ptg001078l	0	200000
0929	ptg001078l	200000	400000
0930	ptg001078l	400000	600000
0931	ptg001078l	600000	800000
0932	ptg001078l	800000	895107
0933	ptg001080l	0	200000
0934	ptg001080l	200000	400000
0935	ptg001080l	400000	600000
0936	ptg001080l	600000	800000
0937	ptg001080l	800000	876473
0938	ptg001084l	0	200000
0939	ptg001084l	200000	400000
0940	ptg001084l	400000	600000
0941	ptg001084l	600000	799472
0942	ptg001087l	0	34303
0943	ptg001089l	0	200000
0944	ptg001089l	200000	400000
0945	ptg001089l	400000	435376
0946	ptg001092l	0	105131
0947	ptg001098l	0	46897
0948	ptg001099l	0	101887
0949	ptg001100l	0	84675
0950	ptg001101l	0	200000
0951	ptg001101l	200000	353816
0952	ptg001103l	0	200000
0953	ptg001103l	200000	244272
0954	ptg001108l	0	200000
0955	ptg001108l	200000	400000
0956	ptg001108l	400000	600000
0957	ptg001108l	600000	800000
0958	ptg001108l	800000	998441
0959	ptg001110l	0	200000
0960	ptg001110l	200000	280323
0961	ptg001112l	0	200000
0962	ptg001112l	200000	263821
0963	ptg001116l	0	44169
0964	ptg001117l	0	200000
0965	ptg001117l	200000	400000
0966	ptg001117l	400000	600000
0967	ptg001117l	600000	711889
0968	ptg001120l	0	200000
0969	ptg001120l	200000	400000
0970	ptg001120l	400000	452958
0971	ptg001127l	0	19530
0972	ptg001129l	0	161327
0973	ptg001132l	0	200000
0974	ptg001132l	200000	400000
0975	ptg001132l	400000	600000
0976	ptg001132l	600000	800000
0977	ptg001132l	800000	866608
0978	ptg001135l	0	32509
0979	ptg001139l	0	200000
0980	ptg001139l	200000	400000
0981	ptg001139l	400000	431130
0982	ptg001143l	0	200000
0983	ptg001143l	200000	400000
0984	ptg001143l	400000	409846
0985	ptg001148l	0	200000
0986	ptg001148l	200000	400000
0987	ptg001148l	400000	526740
0988	ptg001149l	0	125260
0989	ptg001151l	0	142987
0990	ptg001163l	0	200000
0991	ptg001163l	200000	327857
0992	ptg001166l	0	82220
0993	ptg001167l	0	200000
0994	ptg001167l	200000	400000
0995	ptg001167l	400000	409286
0996	ptg001171l	0	200000
0997	ptg001171l	200000	242688
0998	ptg001176l	0	200000
0999	ptg001176l	200000	400000
1000	ptg001176l	400000	475448
1001	ptg001180l	0	129885
1002	ptg001190l	0	200000
1003	ptg001190l	200000	400000
1004	ptg001190l	400000	600000
1005	ptg001190l	600000	800000
1006	ptg001190l	800000	1000000
1007	ptg001190l	1000000	1030862
1008	ptg001194l	0	200000
1009	ptg001194l	200000	334264
1010	ptg001196l	0	200000
1011	ptg001196l	200000	400000
1012	ptg001196l	400000	600000
1013	ptg001196l	600000	800000
1014	ptg001196l	800000	1000000
1015	ptg001196l	1000000	1200000
1016	ptg001196l	1200000	1400000
1017	ptg001196l	1400000	1552929
1018	ptg001198l	0	200000
1019	ptg001198l	200000	400000
1020	ptg001198l	400000	600000
1021	ptg001198l	600000	800000
1022	ptg001198l	800000	1000000
1023	ptg001198l	1000000	1020898
1024	ptg001205l	0	200000
1025	ptg001205l	200000	299183
1026	ptg001206l	0	200000
1027	ptg001206l	200000	400000
1028	ptg001206l	400000	600000
1029	ptg001206l	600000	740525
1030	ptg001214l	0	37341
1031	ptg001216l	0	160128
1032	ptg001222l	0	200000
1033	ptg001222l	200000	400000
1034	ptg001222l	400000	600000
1035	ptg001222l	600000	800000
1036	ptg001222l	800000	940061
1037	ptg001230l	0	31030
1038	ptg001233l	0	43373
1039	ptg001240l	0	200000
1040	ptg001240l	200000	251137
1041	ptg001245l	0	161253
1042	ptg001246l	0	200000
1043	ptg001246l	200000	390989
1044	ptg001251l	0	110755
1045	ptg001257l	0	200000
1046	ptg001257l	200000	228863
1047	ptg001261l	0	161882
1048	ptg001269l	0	200000
1049	ptg001269l	200000	285696
1050	ptg001270l	0	63022
1051	ptg001272l	0	200000
1052	ptg001272l	200000	309776
1053	ptg001274l	0	200000
1054	ptg001274l	200000	400000
1055	ptg001274l	400000	495229
1056	ptg001277l	0	39213
1057	ptg001278l	0	38686
1058	ptg001282l	0	200000
1059	ptg001282l	200000	400000
1060	ptg001282l	400000	600000
1061	ptg001282l	600000	750755
1062	ptg001284l	0	200000
1063	ptg001284l	200000	248433
1064	ptg001285l	0	98589
1065	ptg001286l	0	200000
1066	ptg001286l	200000	239919
1067	ptg001291l	0	26699
1068	ptg001293l	0	200000
1069	ptg001293l	200000	400000
1070	ptg001293l	400000	600000
1071	ptg001293l	600000	800000
1072	ptg001293l	800000	1000000
1073	ptg001293l	1000000	1200000
1074	ptg001293l	1200000	1328233
1075	ptg001295l	0	200000
1076	ptg001295l	200000	400000
1077	ptg001295l	400000	600000
1078	ptg001295l	600000	699393
1079	ptg001297l	0	44578
1080	ptg001307l	0	200000
1081	ptg001307l	200000	264935
1082	ptg001308l	0	200000
1083	ptg001308l	200000	400000
1084	ptg001308l	400000	600000
1085	ptg001308l	600000	796459
1086	ptg001310l	0	58690
1087	ptg001313l	0	47365
1088	ptg001318l	0	54908
1089	ptg001320l	0	200000
1090	ptg001320l	200000	400000
1091	ptg001320l	400000	600000
1092	ptg001320l	600000	621134
1093	ptg001327l	0	200000
1094	ptg001327l	200000	301262
1095	ptg001328l	0	63855
1096	ptg001338l	0	76922
1097	ptg001340l	0	169826
1098	ptg001344l	0	65546
1099	ptg001349l	0	41114
1100	ptg001358l	0	58243
1101	ptg001361l	0	42117
1102	ptg001364l	0	200000
1103	ptg001364l	200000	280907
1104	ptg001374l	0	118183
1105	ptg001378l	0	115550
1106	ptg001386l	0	200000
1107	ptg001386l	200000	400000
1108	ptg001386l	400000	600000
1109	ptg001386l	600000	800000
1110	ptg001386l	800000	1000000
1111	ptg001386l	1000000	1200000
1112	ptg001386l	1200000	1294089
1113	ptg001387l	0	200000
1114	ptg001387l	200000	400000
1115	ptg001387l	400000	600000
1116	ptg001387l	600000	800000
1117	ptg001387l	800000	1000000
1118	ptg001387l	1000000	1072953
1119	ptg001409l	0	200000
1120	ptg001409l	200000	400000
1121	ptg001409l	400000	600000
1122	ptg001409l	600000	800000
1123	ptg001409l	800000	818560
1124	ptg001413l	0	33551
1125	ptg001423l	0	200000
1126	ptg001423l	200000	400000
1127	ptg001423l	400000	600000
1128	ptg001423l	600000	612555
1129	ptg001425l	0	188179
1130	ptg001427l	0	200000
1131	ptg001427l	200000	400000
1132	ptg001427l	400000	600000
1133	ptg001427l	600000	742106
1134	ptg001429l	0	200000
1135	ptg001429l	200000	400000
1136	ptg001429l	400000	600000
1137	ptg001429l	600000	698611
1138	ptg001430l	0	200000
1139	ptg001430l	200000	400000
1140	ptg001430l	400000	600000
1141	ptg001430l	600000	670935
1142	ptg001431l	0	10485
1143	ptg001433l	0	200000
1144	ptg001433l	200000	400000
1145	ptg001433l	400000	600000
1146	ptg001433l	600000	667795
1147	ptg001438l	0	73684
1148	ptg001439l	0	200000
1149	ptg001439l	200000	333706
1150	ptg001449l	0	38913
1151	ptg001454l	0	200000
1152	ptg001454l	200000	400000
1153	ptg001454l	400000	600000
1154	ptg001454l	600000	800000
1155	ptg001454l	800000	1000000
1156	ptg001454l	1000000	1200000
1157	ptg001454l	1200000	1342669
1158	ptg001458l	0	200000
1159	ptg001458l	200000	400000
1160	ptg001458l	400000	600000
1161	ptg001458l	600000	800000
1162	ptg001458l	800000	933952
1163	ptg001461l	0	74858
1164	ptg001463l	0	29776
1165	ptg001471l	0	200000
1166	ptg001471l	200000	244185
1167	ptg001473l	0	126011
1168	ptg001479l	0	57893
1169	ptg001481l	0	26604
1170	ptg001485l	0	62195
1171	ptg001487l	0	200000
1172	ptg001487l	200000	275135
1173	ptg001489l	0	200000
1174	ptg001489l	200000	354286
1175	ptg001500l	0	90109
1176	ptg001504l	0	200000
1177	ptg001504l	200000	400000
1178	ptg001504l	400000	438164
1179	ptg001510l	0	66899
1180	ptg001514l	0	33881
1181	ptg001516l	0	200000
1182	ptg001516l	200000	400000
1183	ptg001516l	400000	600000
1184	ptg001516l	600000	800000
1185	ptg001516l	800000	818894
1186	ptg001522l	0	200000
1187	ptg001522l	200000	324974
1188	ptg001534l	0	200000
1189	ptg001534l	200000	294138
1190	ptg001544l	0	48923
1191	ptg001545l	0	13252
1192	ptg001547l	0	138795
1193	ptg001552l	0	44084
1194	ptg001553l	0	200000
1195	ptg001553l	200000	261137
1196	ptg001565l	0	200000
1197	ptg001565l	200000	400000
1198	ptg001565l	400000	600000
1199	ptg001565l	600000	668006
1200	ptg001566l	0	200000
1201	ptg001566l	200000	245757
1202	ptg001567l	0	45102
1203	ptg001572l	0	200000
1204	ptg001572l	200000	400000
1205	ptg001572l	400000	600000
1206	ptg001572l	600000	800000
1207	ptg001572l	800000	903019
1208	ptg001575l	0	41735
1209	ptg001576l	0	35479
1210	ptg001577l	0	53433
1211	ptg001590l	0	139504
1212	ptg001592l	0	65283
1213	ptg001594l	0	200000
1214	ptg001594l	200000	284960
1215	ptg001595l	0	74644
1216	ptg001600l	0	55945
1217	ptg001602l	0	135749
1218	ptg001607l	0	169578
1219	ptg001613l	0	71108
1220	ptg001614l	0	40454
1221	ptg001615l	0	42704
1222	ptg001625l	0	200000
1223	ptg001625l	200000	400000
1224	ptg001625l	400000	600000
1225	ptg001625l	600000	796867
1226	ptg001627l	0	118658
1227	ptg001635l	0	64639
1228	ptg001644l	0	168037
1229	ptg001649l	0	200000
1230	ptg001649l	200000	400000
1231	ptg001649l	400000	600000
1232	ptg001649l	600000	800000
1233	ptg001649l	800000	919277
1234	ptg001655l	0	200000
1235	ptg001655l	200000	400000
1236	ptg001655l	400000	600000
1237	ptg001655l	600000	800000
1238	ptg001655l	800000	866419
1239	ptg001659l	0	200000
1240	ptg001659l	200000	259153
1241	ptg001663l	0	200000
1242	ptg001663l	200000	400000
1243	ptg001663l	400000	418675
1244	ptg001669l	0	37240
1245	ptg001670l	0	71001
1246	ptg001671l	0	200000
1247	ptg001671l	200000	400000
1248	ptg001671l	400000	600000
1249	ptg001671l	600000	800000
1250	ptg001671l	800000	871538
1251	ptg001675l	0	138126
1252	ptg001677l	0	125083
1253	ptg001682l	0	200000
1254	ptg001682l	200000	217117
1255	ptg001683l	0	12388
1256	ptg001685l	0	27870
1257	ptg001692l	0	101475
1258	ptg001701l	0	200000
1259	ptg001701l	200000	234668
1260	ptg001704l	0	100819
1261	ptg001708l	0	200000
1262	ptg001708l	200000	400000
1263	ptg001708l	400000	600000
1264	ptg001708l	600000	748510
1265	ptg001709l	0	113439
1266	ptg001713l	0	74851
1267	ptg001718l	0	89128
1268	ptg001719l	0	119891
1269	ptg001723l	0	200000
1270	ptg001723l	200000	400000
1271	ptg001723l	400000	600000
1272	ptg001723l	600000	800000
1273	ptg001723l	800000	842821
1274	ptg001726l	0	200000
1275	ptg001726l	200000	400000
1276	ptg001726l	400000	600000
1277	ptg001726l	600000	800000
1278	ptg001726l	800000	951681
1279	ptg001731l	0	200000
1280	ptg001731l	200000	303280
1281	ptg001738l	0	200000
1282	ptg001738l	200000	319779
1283	ptg001745l	0	200000
1284	ptg001745l	200000	400000
1285	ptg001745l	400000	443571
1286	ptg001746l	0	184631
1287	ptg001749l	0	60319
1288	ptg001758l	0	138344
1289	ptg001760l	0	88870
1290	ptg001762l	0	200000
1291	ptg001762l	200000	400000
1292	ptg001762l	400000	429293
1293	ptg001763l	0	194851
1294	ptg001770l	0	200000
1295	ptg001770l	200000	400000
1296	ptg001770l	400000	552026
1297	ptg001777l	0	200000
1298	ptg001777l	200000	400000
1299	ptg001777l	400000	600000
1300	ptg001777l	600000	697399
1301	ptg001779l	0	75662
1302	ptg001780l	0	200000
1303	ptg001780l	200000	212362
1304	ptg001786l	0	194579
1305	ptg001792l	0	57396
1306	ptg001794l	0	24269
1307	ptg001796l	0	200000
1308	ptg001796l	200000	382883
1309	ptg001805l	0	200000
1310	ptg001805l	200000	303270
1311	ptg001811l	0	200000
1312	ptg001811l	200000	280364
1313	ptg001836l	0	86300
1314	ptg001838l	0	200000
1315	ptg001838l	200000	355878
1316	ptg001840l	0	122614
1317	ptg001846l	0	23251
1318	ptg001847l	0	200000
1319	ptg001847l	200000	400000
1320	ptg001847l	400000	600000
1321	ptg001847l	600000	800000
1322	ptg001847l	800000	1000000
1323	ptg001847l	1000000	1200000
1324	ptg001847l	1200000	1400000
1325	ptg001847l	1400000	1600000
1326	ptg001847l	1600000	1800000
1327	ptg001847l	1800000	2000000
1328	ptg001847l	2000000	2055182
1329	ptg001854l	0	32213
1330	ptg001864l	0	200000
1331	ptg001864l	200000	400000
1332	ptg001864l	400000	600000
1333	ptg001864l	600000	800000
1334	ptg001864l	800000	822198
1335	ptg001866l	0	139796
1336	ptg001873l	0	157557
1337	ptg001884l	0	111090
1338	ptg001889l	0	200000
1339	ptg001889l	200000	400000
1340	ptg001889l	400000	600000
1341	ptg001889l	600000	671269
1342	ptg001892l	0	49002
1343	ptg001898l	0	200000
1344	ptg001898l	200000	247255
1345	ptg001921l	0	68649
1346	ptg001922l	0	49054
1347	ptg001927l	0	200000
1348	ptg001927l	200000	400000
1349	ptg001927l	400000	600000
1350	ptg001927l	600000	800000
1351	ptg001927l	800000	944460
1352	ptg001929l	0	28336
1353	ptg001931l	0	139519
1354	ptg001939l	0	200000
1355	ptg001939l	200000	324999
1356	ptg001940l	0	38963
1357	ptg001943l	0	116457
1358	ptg001948l	0	23344
1359	ptg001954l	0	124679
1360	ptg001956l	0	199989
1361	ptg001973l	0	60199
1362	ptg001974l	0	38127
1363	ptg001976l	0	53682
1364	ptg001980l	0	62604
1365	ptg001983l	0	112645
1366	ptg001994l	0	124761
1367	ptg001999l	0	47160
1368	ptg002017l	0	200000
1369	ptg002017l	200000	400000
1370	ptg002017l	400000	600000
1371	ptg002017l	600000	628387
1372	ptg002018l	0	26441
1373	ptg002024l	0	90315
1374	ptg002025l	0	75340
1375	ptg002030l	0	46777
1376	ptg002033l	0	101198
1377	ptg002041l	0	45329
1378	ptg002042l	0	39104
1379	ptg002047l	0	91649
1380	ptg002055l	0	92383
1381	ptg002059l	0	90206
1382	ptg002078l	0	37433
1383	ptg002107l	0	45334
1384	ptg002116l	0	19461
1385	ptg002123l	0	13144
1386	ptg002127l	0	102698
1387	ptg002131l	0	17526
1388	ptg002139l	0	35925
1389	ptg002146l	0	119181
1390	ptg002152l	0	171584
1391	ptg002155l	0	131374
1392	ptg002157l	0	45515
1393	ptg002161l	0	148141
1394	ptg002162l	0	18492
1395	ptg002165l	0	200000
1396	ptg002165l	200000	223650
1397	ptg002171l	0	200000
1398	ptg002171l	200000	400000
1399	ptg002171l	400000	600000
1400	ptg002171l	600000	800000
1401	ptg002171l	800000	1000000
1402	ptg002171l	1000000	1200000
1403	ptg002171l	1200000	1203529
1404	ptg002173l	0	58629
1405	ptg002180l	0	32170
1406	ptg002186l	0	54130
1407	ptg002191l	0	200000
1408	ptg002191l	200000	275562
1409	ptg002192l	0	185323
1410	ptg002194l	0	200000
1411	ptg002194l	200000	271524
1412	ptg002196l	0	163054
1413	ptg002197l	0	19490
1414	ptg002203l	0	200000
1415	ptg002203l	200000	256000
1416	ptg002224l	0	101591
1417	ptg002235l	0	52742
1418	ptg002237l	0	29004
1419	ptg002239l	0	83641
1420	ptg002244l	0	139748
1421	ptg002245l	0	200000
1422	ptg002245l	200000	340573
1423	ptg002248l	0	44601
1424	ptg002249l	0	173836
1425	ptg002254l	0	200000
1426	ptg002254l	200000	400000
1427	ptg002254l	400000	588653
1428	ptg002257l	0	36789
1429	ptg002259l	0	200000
1430	ptg002259l	200000	270642
1431	ptg002266l	0	80387
1432	ptg002271l	0	32923
1433	ptg002277l	0	200000
1434	ptg002277l	200000	400000
1435	ptg002277l	400000	421463
1436	ptg002287l	0	25051
1437	ptg002295l	0	200000
1438	ptg002295l	200000	400000
1439	ptg002295l	400000	600000
1440	ptg002295l	600000	724509
1441	ptg002307l	0	42821
1442	ptg002309l	0	42104
1443	ptg002310l	0	200000
1444	ptg002310l	200000	400000
1445	ptg002310l	400000	509959
1446	ptg002311l	0	55393
1447	ptg002315l	0	15335
1448	ptg002321l	0	200000
1449	ptg002321l	200000	374324
1450	ptg002326l	0	47431
1451	ptg002330l	0	76486
1452	ptg002332l	0	25939
1453	ptg002341l	0	200000
1454	ptg002341l	200000	400000
1455	ptg002341l	400000	600000
1456	ptg002341l	600000	800000
1457	ptg002341l	800000	829680
1458	ptg002349l	0	127375
1459	ptg002357l	0	200000
1460	ptg002357l	200000	242550
1461	ptg002358l	0	21751
1462	ptg002361l	0	28514
1463	ptg002366l	0	101824
1464	ptg002372l	0	42857
1465	ptg002383l	0	200000
1466	ptg002383l	200000	268950
1467	ptg002386l	0	133922
1468	ptg002408l	0	68953
1469	ptg002410l	0	200000
1470	ptg002410l	200000	355598
1471	ptg002414l	0	200000
1472	ptg002414l	200000	400000
1473	ptg002414l	400000	600000
1474	ptg002414l	600000	623878
1475	ptg002417l	0	47201
1476	ptg002419l	0	200000
1477	ptg002419l	200000	400000
1478	ptg002419l	400000	600000
1479	ptg002419l	600000	800000
1480	ptg002419l	800000	821890
1481	ptg002422l	0	28059
1482	ptg002425l	0	200000
1483	ptg002425l	200000	330330
1484	ptg002429l	0	45740
1485	ptg002431l	0	51819
1486	ptg002433l	0	20093
1487	ptg002435l	0	142137
1488	ptg002443l	0	75707
1489	ptg002446l	0	19247
1490	ptg002447l	0	51623
1491	ptg002453l	0	200000
1492	ptg002453l	200000	400000
1493	ptg002453l	400000	436988
1494	ptg002459l	0	200000
1495	ptg002459l	200000	400000
1496	ptg002459l	400000	437254
1497	ptg002465l	0	26829
1498	ptg002466l	0	147491
1499	ptg002468l	0	200000
1500	ptg002468l	200000	291428
1501	ptg002473l	0	43706
1502	ptg002478l	0	21814
1503	ptg002492l	0	31540
1504	ptg002500l	0	41152
1505	ptg002502l	0	115323
1506	ptg002516l	0	23113
1507	ptg002523l	0	85980
1508	ptg002527l	0	200000
1509	ptg002527l	200000	308632
1510	ptg002537l	0	65175
1511	ptg002544l	0	115291
1512	ptg002546l	0	172116
1513	ptg002548l	0	66504
1514	ptg002550l	0	114302
1515	ptg002552l	0	99915
1516	ptg002558l	0	21383
1517	ptg002568l	0	37629
1518	ptg002573l	0	56661
1519	ptg002576l	0	119961
1520	ptg002581l	0	200000
1521	ptg002581l	200000	390979
1522	ptg002584l	0	116306
1523	ptg002593l	0	64019
1524	ptg002596l	0	46560
1525	ptg002598l	0	82205
1526	ptg002610l	0	147217
1527	ptg002611l	0	200000
1528	ptg002611l	200000	400000
1529	ptg002611l	400000	600000
1530	ptg002611l	600000	800000
1531	ptg002611l	800000	803987
1532	ptg002613l	0	82555
1533	ptg002619l	0	200000
1534	ptg002619l	200000	231725
1535	ptg002625l	0	97430
1536	ptg002626l	0	27267
1537	ptg002636l	0	200000
1538	ptg002636l	200000	398430
1539	ptg002638l	0	110418
1540	ptg002642l	0	200000
1541	ptg002642l	200000	400000
1542	ptg002642l	400000	600000
1543	ptg002642l	600000	800000
1544	ptg002642l	800000	946743
1545	ptg002655l	0	19490
1546	ptg002657l	0	44221
1547	ptg002659l	0	18652
1548	ptg002676l	0	17182
1549	ptg002683l	0	148237
1550	ptg002687l	0	122307
1551	ptg002691l	0	200000
1552	ptg002691l	200000	221604
1553	ptg002692l	0	39805
1554	ptg002706l	0	25091
1555	ptg002708l	0	58986
1556	ptg002710l	0	138335
1557	ptg002721l	0	18168
1558	ptg002722l	0	200000
1559	ptg002722l	200000	360546
1560	ptg002726l	0	140650
1561	ptg002730l	0	180088
1562	ptg002735l	0	31818
1563	ptg002736l	0	15520
1564	ptg002737l	0	63479
1565	ptg002745l	0	200000
1566	ptg002745l	200000	400000
1567	ptg002745l	400000	570132
1568	ptg002746l	0	28749
1569	ptg002748l	0	57647
1570	ptg002751l	0	200000
1571	ptg002751l	200000	247209
1572	ptg002757l	0	24911
1573	ptg002759l	0	23558
1574	ptg002766l	0	200000
1575	ptg002766l	200000	400000
1576	ptg002766l	400000	472688
1577	ptg002767l	0	24975
1578	ptg002770l	0	175514
1579	ptg002774l	0	12282
1580	ptg002778l	0	143374
1581	ptg002786l	0	57737
1582	ptg002787l	0	200000
1583	ptg002787l	200000	400000
1584	ptg002787l	400000	600000
1585	ptg002787l	600000	781387
1586	ptg002798l	0	27068
1587	ptg002807l	0	32804
1588	ptg002810l	0	200000
1589	ptg002810l	200000	248056
1590	ptg002812l	0	200000
1591	ptg002812l	200000	255053
1592	ptg002816l	0	22747
1593	ptg002817l	0	200000
1594	ptg002817l	200000	400000
1595	ptg002817l	400000	600000
1596	ptg002817l	600000	800000
1597	ptg002817l	800000	905266
1598	ptg002824l	0	139772
1599	ptg002839l	0	24005
1600	ptg002842l	0	200000
1601	ptg002842l	200000	251990
1602	ptg002843l	0	52262
1603	ptg002846l	0	32426
1604	ptg002847l	0	109894
1605	ptg002848l	0	83249
1606	ptg002863l	0	200000
1607	ptg002863l	200000	249405
1608	ptg002865l	0	102122
1609	ptg002870l	0	20451
1610	ptg002871l	0	200000
1611	ptg002871l	200000	400000
1612	ptg002871l	400000	600000
1613	ptg002871l	600000	652941
1614	ptg002874l	0	200000
1615	ptg002874l	200000	351435
1616	ptg002878l	0	66612
1617	ptg002886l	0	154512
1618	ptg002897l	0	58616
1619	ptg002899l	0	36863
1620	ptg002902l	0	66238
1621	ptg002909l	0	200000
1622	ptg002909l	200000	400000
1623	ptg002909l	400000	600000
1624	ptg002909l	600000	798951
1625	ptg002917l	0	135852
1626	ptg002919l	0	32582
1627	ptg002922l	0	200000
1628	ptg002922l	200000	361607
1629	ptg002935l	0	92963
1630	ptg002940l	0	82087
1631	ptg002949l	0	23855
1632	ptg002956l	0	65209
1633	ptg002963l	0	200000
1634	ptg002963l	200000	400000
1635	ptg002963l	400000	600000
1636	ptg002963l	600000	687112
1637	ptg002967l	0	49959
1638	ptg002983l	0	200000
1639	ptg002983l	200000	400000
1640	ptg002983l	400000	467631
1641	ptg002989l	0	200000
1642	ptg002989l	200000	400000
1643	ptg002989l	400000	580231
1644	ptg002995l	0	53632
1645	ptg003011l	0	27097
1646	ptg003019l	0	35132
1647	ptg003024l	0	72516
1648	ptg003029l	0	66060
1649	ptg003031l	0	26926
1650	ptg003034l	0	56979
1651	ptg003039l	0	85725
1652	ptg003040l	0	55873
1653	ptg003042l	0	197714
1654	ptg003043l	0	52197
1655	ptg003052l	0	200000
1656	ptg003052l	200000	308491
1657	ptg003053l	0	148778
1658	ptg003059l	0	67287
1659	ptg003064l	0	62247
1660	ptg003071l	0	34517
1661	ptg003083l	0	68776
1662	ptg003085l	0	200000
1663	ptg003085l	200000	400000
1664	ptg003085l	400000	600000
1665	ptg003085l	600000	634434
1666	ptg003089l	0	45333
1667	ptg003091l	0	30973
1668	ptg003098l	0	34286
1669	ptg003127l	0	142793
1670	ptg003155l	0	155717
1671	ptg003163l	0	47149
1672	ptg003165c	0	47012
1673	ptg003184l	0	67813
1674	ptg003190l	0	22635
1675	ptg003208l	0	67315
1676	ptg003211l	0	138796
1677	ptg003217l	0	132270
1678	ptg003228l	0	34462
1679	ptg003236l	0	98368
1680	ptg003245l	0	111992
1681	ptg003255l	0	50592
1682	ptg003265l	0	31474
1683	ptg003268l	0	38953
1684	ptg003274l	0	38600
1685	ptg003276l	0	105107
1686	ptg003285l	0	39605
1687	ptg003286l	0	200000
1688	ptg003286l	200000	227645
1689	ptg003299l	0	26749
1690	ptg003305l	0	44204
1691	ptg003306l	0	200000
1692	ptg003306l	200000	400000
1693	ptg003306l	400000	469634
1694	ptg003309l	0	82845
1695	ptg003310l	0	38428
1696	ptg003313l	0	51397
1697	ptg003318l	0	109581
1698	ptg003332l	0	23314
1699	ptg003348l	0	140683
1700	ptg003354l	0	44594
1701	ptg003361l	0	20009
1702	ptg003362l	0	200000
1703	ptg003362l	200000	332396
1704	ptg003370l	0	27686
1705	ptg003378l	0	200000
1706	ptg003378l	200000	400000
1707	ptg003378l	400000	420882
1708	ptg003381l	0	70075
1709	ptg003383l	0	21928
1710	ptg003389l	0	28256
1711	ptg003398l	0	29637
1712	ptg003409l	0	186622
1713	ptg003425c	0	33014
1714	ptg003435l	0	74908
1715	ptg003438l	0	40138
1716	ptg003446l	0	25512
1717	ptg003447l	0	200000
1718	ptg003447l	200000	341363
1719	ptg003448l	0	29203
1720	ptg003449l	0	200000
1721	ptg003449l	200000	400000
1722	ptg003449l	400000	600000
1723	ptg003449l	600000	644080
1724	ptg003452l	0	23684
1725	ptg003453l	0	52704
1726	ptg003458l	0	50642
1727	ptg003464l	0	26119
1728	ptg003472l	0	91463
1729	ptg003474l	0	26585
1730	ptg003478l	0	57245
1731	ptg003480l	0	179620
1732	ptg003483l	0	43566
1733	ptg003489l	0	25987
1734	ptg003490l	0	101275
1735	ptg003497l	0	28508
1736	ptg003500l	0	199248
1737	ptg003503l	0	200000
1738	ptg003503l	200000	400000
1739	ptg003503l	400000	414615
1740	ptg003510l	0	119412
1741	ptg003511l	0	30200
1742	ptg003513l	0	53084
1743	ptg003517l	0	69491
1744	ptg003528l	0	29107
1745	ptg003544l	0	95555
1746	ptg003546l	0	20033
1747	ptg003549l	0	43156
1748	ptg003552l	0	38237
1749	ptg003559l	0	86796
1750	ptg003565l	0	74286
1751	ptg003566l	0	99015
1752	ptg003569l	0	75890
1753	ptg003570l	0	23519
1754	ptg003576l	0	200000
1755	ptg003576l	200000	400000
1756	ptg003576l	400000	600000
1757	ptg003576l	600000	608765
1758	ptg003579l	0	21577
1759	ptg003595l	0	109834
1760	ptg003599l	0	70833
1761	ptg003605l	0	50511
1762	ptg003608l	0	166298
1763	ptg003610l	0	38671
1764	ptg003611l	0	39001
1765	ptg003612l	0	34544
1766	ptg003613l	0	36049
1767	ptg003618l	0	54282
1768	ptg003622l	0	17034
1769	ptg003639l	0	28687
1770	ptg003640l	0	40111
1771	ptg003643l	0	30301
1772	ptg003657l	0	18195
1773	ptg003658l	0	48918
1774	ptg003665l	0	22059
1775	ptg003677l	0	101958
1776	ptg003679l	0	28890
1777	ptg003682l	0	19127
1778	ptg003683l	0	16480
1779	ptg003684l	0	176608
1780	ptg003694l	0	33894
1781	ptg003699l	0	54525
1782	ptg003707l	0	81939
1783	ptg003710l	0	20758
1784	ptg003726l	0	21873
1785	ptg003731l	0	18788
1786	ptg003740l	0	58042
1787	ptg003744l	0	54083
1788	ptg003747l	0	174903
1789	ptg003753l	0	127524
1790	ptg003755l	0	85521
1791	ptg003771l	0	36370
1792	ptg003779l	0	66686
1793	ptg003798l	0	46887
1794	ptg003802l	0	51763
1795	ptg003803l	0	75753
1796	ptg003806l	0	200000
1797	ptg003806l	200000	400000
1798	ptg003806l	400000	489294
1799	ptg003812l	0	94623
1800	ptg003813l	0	16981
1801	ptg003830l	0	26476
1802	ptg003837l	0	32349
1803	ptg003848l	0	44778
1804	ptg003864l	0	38573
1805	ptg003871l	0	77804
1806	ptg003878l	0	23271
1807	ptg003880l	0	65555
1808	ptg003883l	0	60819
1809	ptg003898l	0	40086
1810	ptg003900l	0	81788
1811	ptg003902l	0	25360
1812	ptg003905l	0	127185
1813	ptg003912l	0	120266
1814	ptg003915l	0	32309
1815	ptg003917l	0	55169
1816	ptg003921l	0	46839
1817	ptg003924l	0	60104
1818	ptg003928l	0	40337
1819	ptg003932l	0	35921
1820	ptg003942l	0	76961
1821	ptg003943l	0	61982
1822	ptg003944l	0	49352
1823	ptg003948l	0	35889
1824	ptg003956l	0	60173
1825	ptg003959l	0	62952
1826	ptg003961l	0	44189
1827	ptg003964l	0	49191
1828	ptg003966l	0	75875
1829	ptg003968l	0	28552
1830	ptg003976l	0	35692
1831	ptg003985l	0	50681
1832	ptg003991l	0	50339
1833	ptg004003l	0	39465
1834	ptg004012l	0	23933
1835	ptg004014l	0	128542
1836	ptg004018l	0	57397
1837	ptg004021l	0	26914
1838	ptg004027l	0	39547
1839	ptg004042l	0	85727
1840	ptg004045l	0	81851
1841	ptg004050l	0	34184
1842	ptg004063l	0	26784
1843	ptg004075l	0	37778
1844	ptg004079l	0	31067
1845	ptg004082l	0	39671
1846	ptg004088l	0	108318
1847	ptg004093l	0	42898
1848	ptg004096l	0	97326
1849	ptg004104l	0	28753
1850	ptg004110l	0	69059
1851	ptg004115l	0	128718
1852	ptg004121l	0	49073
1853	ptg004122l	0	15239
1854	ptg004123l	0	140847
1855	ptg004128l	0	32693
1856	ptg004130l	0	96694
1857	ptg004132l	0	53638
1858	ptg004142l	0	33679
1859	ptg004152l	0	32299
1860	ptg004154l	0	60517
1861	ptg004155l	0	24538
1862	ptg004173l	0	21894
1863	ptg004178l	0	40100
1864	ptg004179l	0	38241
1865	ptg004183l	0	30693
1866	ptg004191l	0	125322
1867	ptg004194l	0	200000
1868	ptg004194l	200000	400000
1869	ptg004194l	400000	549389
1870	ptg004195l	0	48050
1871	ptg004197l	0	139043
1872	ptg004199l	0	101980
1873	ptg004202l	0	31186
1874	ptg004205l	0	83655
1875	ptg004208l	0	105589
1876	ptg004216l	0	30924
1877	ptg004220l	0	19134
1878	ptg004247l	0	38950
1879	ptg004254l	0	47604
1880	ptg004255l	0	74783
1881	ptg004259l	0	14518
1882	ptg004261l	0	36395
1883	ptg004264l	0	200000
1884	ptg004264l	200000	343707
1885	ptg004281l	0	155649
1886	ptg004286l	0	44043
1887	ptg004287l	0	16300
1888	ptg004293l	0	44455
1889	ptg004301l	0	25856
1890	ptg004304l	0	42306
1891	ptg004306l	0	33342
1892	ptg004308l	0	62158
1893	ptg004314l	0	18073
1894	ptg004330l	0	141698
1895	ptg004339l	0	56317
1896	ptg004344l	0	34163
1897	ptg004348l	0	18427
1898	ptg004363l	0	42815
1899	ptg004368l	0	26775
1900	ptg004372l	0	65861
1901	ptg004378l	0	19955
1902	ptg004379l	0	108173
1903	ptg004384l	0	28770
1904	ptg004391l	0	48694
1905	ptg004392l	0	109785
1906	ptg004393l	0	151683
1907	ptg004397l	0	26600
1908	ptg004400l	0	119846
1909	ptg004409l	0	107899
1910	ptg004418l	0	152225
1911	ptg004419l	0	37036
1912	ptg004428l	0	32431
1913	ptg004432l	0	58111
1914	ptg004443l	0	41628
1915	ptg004455l	0	58699
1916	ptg004477l	0	30743
1917	ptg004479l	0	52994
1918	ptg004480l	0	45104
1919	ptg004481l	0	19170
1920	ptg004483l	0	44753
1921	ptg004485l	0	43262
1922	ptg004500l	0	39952
1923	ptg004502l	0	17052
1924	ptg004506l	0	25705
1925	ptg004514l	0	29574
1926	ptg004529l	0	96955
1927	ptg004532l	0	66570
1928	ptg004535l	0	57362
1929	ptg004538l	0	39787
1930	ptg004540l	0	69175
1931	ptg004555l	0	17137
1932	ptg004567l	0	121546
1933	ptg004574l	0	74663
1934	ptg004580l	0	38588
1935	ptg004581l	0	13521
1936	ptg004588l	0	16204
1937	ptg004589l	0	18216
1938	ptg004604l	0	76987
1939	ptg004610l	0	22816
1940	ptg004611l	0	89330
1941	ptg004615l	0	66583
1942	ptg004618l	0	185770
1943	ptg004621l	0	23610
1944	ptg004622l	0	24282
1945	ptg004629l	0	58737
1946	ptg004642l	0	45487
1947	ptg004648l	0	22179
1948	ptg004650l	0	50113
1949	ptg004658l	0	17122
1950	ptg004670l	0	16814
1951	ptg004671l	0	34689
1952	ptg004691l	0	25422
1953	ptg004694l	0	35033
1954	ptg004698l	0	19691
1955	ptg004700l	0	47693
1956	ptg004702l	0	23703
1957	ptg004708l	0	31676
1958	ptg004711l	0	16160
1959	ptg004723l	0	47164
1960	ptg004725l	0	163906
1961	ptg004738l	0	65548
1962	ptg004739l	0	28967
1963	ptg004743l	0	122810
1964	ptg004751l	0	48299
1965	ptg004753l	0	73899
1966	ptg004759l	0	32893
1967	ptg004764l	0	23859
1968	ptg004774l	0	65066
1969	ptg004785l	0	59725
1970	ptg004788l	0	25798
1971	ptg004792l	0	23967
1972	ptg004798l	0	27374
1973	ptg004800l	0	51413
1974	ptg004808l	0	23055
1975	ptg004809l	0	15783
1976	ptg004812l	0	54197
1977	ptg004816l	0	32498
1978	ptg004818l	0	22272
1979	ptg004821l	0	47542
1980	ptg004825l	0	40359
1981	ptg004826l	0	35110
1982	ptg004827l	0	34190
1983	ptg004828l	0	34637
1984	ptg004831l	0	29895
1985	ptg004839l	0	37976
1986	ptg004840l	0	41446
1987	ptg004854l	0	73633
1988	ptg004866l	0	17846
1989	ptg004872l	0	38856
1990	ptg004876l	0	34653
1991	ptg004884l	0	35583
1992	ptg004885l	0	54083
1993	ptg004888l	0	21331
1994	ptg004890l	0	32766
1995	ptg004892l	0	35466
1996	ptg004893l	0	83515
1997	ptg004903l	0	17596
1998	ptg004907l	0	22500
1999	ptg004914l	0	46028
2000	ptg004916l	0	51502
2001	ptg004920l	0	30654
2002	ptg004925l	0	46464
2003	ptg004927l	0	33074
2004	ptg004931l	0	67144
2005	ptg004935l	0	57911
2006	ptg004938l	0	44689
2007	ptg004939l	0	42764
2008	ptg004946l	0	43361
2009	ptg004948l	0	98393
2010	ptg004950l	0	36477
2011	ptg004956l	0	27353
2012	ptg004974l	0	20915
2013	ptg004980l	0	86654
2014	ptg004983l	0	34055
2015	ptg004990l	0	17166
2016	ptg004991l	0	42502
2017	ptg005013l	0	57125
2018	ptg005014l	0	26827
2019	ptg005016l	0	107343
2020	ptg005019l	0	64694
2021	ptg005024l	0	34673
2022	ptg005031l	0	18085
2023	ptg005037l	0	47708
2024	ptg005038l	0	40985
2025	ptg005039l	0	84688
2026	ptg005040l	0	20893
2027	ptg005042l	0	30502
2028	ptg005050l	0	17672
2029	ptg005060l	0	41837
2030	ptg005065l	0	44938
2031	ptg005073l	0	57913
2032	ptg005086l	0	55451
2033	ptg005090l	0	19596
2034	ptg005095l	0	117794
2035	ptg005098l	0	9747
2036	ptg005104l	0	20953
2037	ptg005105l	0	26276
2038	ptg005107l	0	24529
2039	ptg005108l	0	87109
2040	ptg005111l	0	45600
2041	ptg005112l	0	37771
2042	ptg005128l	0	62028
2043	ptg005136l	0	23769
2044	ptg005142l	0	38634
2045	ptg005164l	0	32469
2046	ptg005166l	0	60444
2047	ptg005179l	0	19182
2048	ptg005187l	0	72543
2049	ptg005189l	0	36771
2050	ptg005191l	0	21665
2051	ptg005193l	0	36519
2052	ptg005196l	0	78826
2053	ptg005201l	0	54667
2054	ptg005208l	0	38561
2055	ptg005219l	0	51043
2056	ptg005222l	0	29338
2057	ptg005225l	0	4883
2058	ptg005230l	0	92328
2059	ptg005235l	0	42111
2060	ptg005241l	0	39252
2061	ptg005254l	0	11538
2062	ptg005257l	0	25626
2063	ptg005260l	0	26534
2064	ptg005263l	0	23400
2065	ptg005264l	0	52833
2066	ptg005269l	0	17499
2067	ptg005284l	0	58576
2068	ptg005286l	0	29008
2069	ptg005289l	0	29033
2070	ptg005290l	0	47531
2071	ptg005296l	0	25448
2072	ptg005311l	0	49266
2073	ptg005317l	0	24806
2074	ptg005325l	0	23079
2075	ptg005327l	0	46845
2076	ptg005330l	0	30429
2077	ptg005332l	0	38704
2078	ptg005340l	0	93663
2079	ptg005341l	0	30383
2080	ptg005347l	0	56510
2081	ptg005351l	0	36396
2082	ptg005362l	0	46055
2083	ptg005375l	0	19809
2084	ptg005383l	0	35148
2085	ptg005392l	0	19116
2086	ptg005396l	0	35327
2087	ptg005400l	0	138406
2088	ptg005402l	0	40429
2089	ptg005408l	0	42944
2090	ptg005411l	0	31765
2091	ptg005416l	0	55052
2092	ptg005428l	0	36876
2093	ptg005437l	0	24909
2094	ptg005442l	0	35349
2095	ptg005446l	0	28575
2096	ptg005458l	0	51131
2097	ptg005460l	0	28928
2098	ptg005482l	0	26300
2099	ptg005491l	0	28577
2100	ptg005499l	0	28014
2101	ptg005501l	0	32511
2102	ptg005505l	0	25192
2103	ptg005510l	0	21235
2104	ptg005516l	0	46282
2105	ptg005517l	0	51788
2106	ptg005540l	0	32987
2107	ptg005543l	0	200000
2108	ptg005543l	200000	400000
2109	ptg005543l	400000	600000
2110	ptg005543l	600000	627940
2111	ptg005544l	0	54872
2112	ptg005546l	0	10703
2113	ptg005554l	0	47753
2114	ptg005557l	0	45310
2115	ptg005559l	0	27426
2116	ptg005566l	0	85926
2117	ptg005575l	0	34137
2118	ptg005586l	0	51234
2119	ptg005593l	0	30956
2120	ptg005597l	0	16958
2121	ptg005599l	0	17634
2122	ptg005603l	0	51156
2123	ptg005607l	0	50857
2124	ptg005610l	0	29828
2125	ptg005630l	0	38055
2126	ptg005631l	0	27882
2127	ptg005633l	0	27742
2128	ptg005640l	0	47185
2129	ptg005645l	0	28768
2130	ptg005648l	0	43070
2131	ptg005657l	0	16721
2132	ptg005659l	0	58198
2133	ptg005663l	0	27229
2134	ptg005664l	0	49201
2135	ptg005666l	0	41255
2136	ptg005685l	0	51768
2137	ptg005693l	0	27186
2138	ptg005696l	0	39234
2139	ptg005701l	0	34958
2140	ptg005711l	0	42974
2141	ptg005714l	0	20641
2142	ptg005717l	0	27061
2143	ptg005721l	0	22021
2144	ptg005722l	0	43629
2145	ptg005727l	0	24302
2146	ptg005730l	0	37464
2147	ptg005736l	0	31860
2148	ptg005740l	0	25742
2149	ptg005745l	0	32709
2150	ptg005746l	0	31520
2151	ptg005747l	0	29262
2152	ptg005748l	0	17086
2153	ptg005750l	0	21577
2154	ptg005756l	0	43842
2155	ptg005757l	0	28908
2156	ptg005760l	0	47400
2157	ptg005761l	0	22626
2158	ptg005762l	0	47917
2159	ptg005767l	0	13481
2160	ptg005774l	0	27672
2161	ptg005785l	0	22284
2162	ptg005786l	0	30383
2163	ptg005789l	0	32143
2164	ptg005793l	0	27759
2165	ptg005797l	0	17086
2166	ptg005801l	0	36123
2167	ptg005806l	0	21113
2168	ptg005811l	0	62433
2169	ptg005819l	0	61790
2170	ptg005827l	0	23418
2171	ptg005830l	0	59898
2172	ptg005833l	0	39042
2173	ptg005834l	0	35499
2174	ptg005835l	0	24610
2175	ptg005836l	0	53134
2176	ptg005838l	0	24532
2177	ptg005843l	0	46655
2178	ptg005847l	0	29032
2179	ptg005854l	0	28634
2180	ptg005867l	0	22951
2181	ptg005869l	0	15193
2182	ptg005884l	0	26584
2183	ptg005887l	0	38776
2184	ptg005897l	0	22837
2185	ptg005899l	0	32466
2186	ptg005903l	0	15836
2187	ptg005906l	0	34653
2188	ptg005915l	0	22251
2189	ptg005956l	0	18863
2190	ptg005957l	0	21180
2191	ptg005963l	0	17695
2192	ptg005965l	0	18977
2193	ptg005968l	0	13087
2194	ptg005974l	0	30916
2195	ptg005975l	0	43985
2196	ptg005990l	0	22947
2197	ptg005993l	0	36418
2198	ptg005997l	0	17104
2199	ptg006008l	0	48355
2200	ptg006009l	0	56213
2201	ptg006012l	0	37275
2202	ptg006013l	0	73235
2203	ptg006018l	0	41300
2204	ptg006023l	0	20305
2205	ptg006030l	0	32675
2206	ptg006038l	0	10334
2207	ptg006039l	0	27281
2208	ptg006045l	0	22830
2209	ptg006050l	0	33560
2210	ptg006060l	0	23890
2211	ptg006071l	0	36856
2212	ptg006076l	0	26652
2213	ptg006078l	0	19678
2214	ptg006083l	0	23713
2215	ptg006085l	0	40252
2216	ptg006092l	0	19980
2217	ptg006097l	0	28926
2218	ptg006110l	0	12064
2219	ptg006112l	0	34266
2220	ptg006115l	0	32152
2221	ptg006125l	0	20215
2222	ptg006128l	0	22336
2223	ptg006131l	0	23388
2224	ptg006134l	0	25815
2225	ptg006135l	0	18669
2226	ptg006137l	0	18827
2227	ptg006139l	0	10175
2228	ptg006154l	0	12085
2229	ptg006156l	0	18681
2230	ptg006158l	0	24715
2231	ptg006162l	0	23921
2232	ptg006166l	0	37309
2233	ptg006171l	0	16193
2234	ptg006193l	0	19487
2235	ptg006197l	0	23461
2236	ptg006202l	0	20594
2237	ptg006208l	0	42554
2238	ptg006211l	0	22987
2239	ptg006217l	0	9517
2240	ptg006236l	0	17748
2241	ptg006237l	0	11525