0001	HiC_scaffold_1	0	100000
0002	HiC_scaffold_1	100000	200000
0003	HiC_scaffold_1	200000	300000
0004	HiC_scaffold_1	300000	400000
0005	HiC_scaffold_1	400000	500000
0006	HiC_scaffold_1	500000	600000
0007	HiC_scaffold_1	600000	700000
0008	HiC_scaffold_1	700000	800000
0009	HiC_scaffold_1	800000	900000
0010	HiC_scaffold_1	900000	1000000
0011	HiC_scaffold_1	1000000	1100000
0012	HiC_scaffold_1	1100000	1200000
0013	HiC_scaffold_1	1200000	1300000
0014	HiC_scaffold_1	1300000	1400000
0015	HiC_scaffold_1	1400000	1500000
0016	HiC_scaffold_1	1500000	1600000
0017	HiC_scaffold_1	1600000	1700000
0018	HiC_scaffold_1	1700000	1800000
0019	HiC_scaffold_1	1800000	1900000
0020	HiC_scaffold_1	1900000	2000000
0021	HiC_scaffold_1	2000000	2100000
0022	HiC_scaffold_1	2100000	2200000
0023	HiC_scaffold_1	2200000	2300000
0024	HiC_scaffold_1	2300000	2400000
0025	HiC_scaffold_1	2400000	2500000
0026	HiC_scaffold_1	2500000	2600000
0027	HiC_scaffold_1	2600000	2700000
0028	HiC_scaffold_1	2700000	2800000
0029	HiC_scaffold_1	2800000	2900000
0030	HiC_scaffold_1	2900000	3000000
0031	HiC_scaffold_1	3000000	3100000
0032	HiC_scaffold_1	3100000	3200000
0033	HiC_scaffold_1	3200000	3300000
0034	HiC_scaffold_1	3300000	3400000
0035	HiC_scaffold_1	3400000	3500000
0036	HiC_scaffold_1	3500000	3600000
0037	HiC_scaffold_1	3600000	3700000
0038	HiC_scaffold_1	3700000	3800000
0039	HiC_scaffold_1	3800000	3900000
0040	HiC_scaffold_1	3900000	4000000
0041	HiC_scaffold_1	4000000	4100000
0042	HiC_scaffold_1	4100000	4200000
0043	HiC_scaffold_1	4200000	4300000
0044	HiC_scaffold_1	4300000	4400000
0045	HiC_scaffold_1	4400000	4500000
0046	HiC_scaffold_1	4500000	4600000
0047	HiC_scaffold_1	4600000	4700000
0048	HiC_scaffold_1	4700000	4800000
0049	HiC_scaffold_1	4800000	4900000
0050	HiC_scaffold_1	4900000	5000000
0051	HiC_scaffold_1	5000000	5100000
0052	HiC_scaffold_1	5100000	5200000
0053	HiC_scaffold_1	5200000	5300000
0054	HiC_scaffold_1	5300000	5400000
0055	HiC_scaffold_1	5400000	5500000
0056	HiC_scaffold_1	5500000	5600000
0057	HiC_scaffold_1	5600000	5700000
0058	HiC_scaffold_1	5700000	5800000
0059	HiC_scaffold_1	5800000	5900000
0060	HiC_scaffold_1	5900000	6000000
0061	HiC_scaffold_1	6000000	6100000
0062	HiC_scaffold_1	6100000	6200000
0063	HiC_scaffold_1	6200000	6300000
0064	HiC_scaffold_1	6300000	6400000
0065	HiC_scaffold_1	6400000	6500000
0066	HiC_scaffold_1	6500000	6600000
0067	HiC_scaffold_1	6600000	6700000
0068	HiC_scaffold_1	6700000	6800000
0069	HiC_scaffold_1	6800000	6900000
0070	HiC_scaffold_1	6900000	7000000
0071	HiC_scaffold_1	7000000	7100000
0072	HiC_scaffold_1	7100000	7200000
0073	HiC_scaffold_1	7200000	7300000
0074	HiC_scaffold_1	7300000	7400000
0075	HiC_scaffold_1	7400000	7500000
0076	HiC_scaffold_1	7500000	7600000
0077	HiC_scaffold_1	7600000	7700000
0078	HiC_scaffold_1	7700000	7800000
0079	HiC_scaffold_1	7800000	7900000
0080	HiC_scaffold_1	7900000	8000000
0081	HiC_scaffold_1	8000000	8100000
0082	HiC_scaffold_1	8100000	8200000
0083	HiC_scaffold_1	8200000	8300000
0084	HiC_scaffold_1	8300000	8400000
0085	HiC_scaffold_1	8400000	8500000
0086	HiC_scaffold_1	8500000	8600000
0087	HiC_scaffold_1	8600000	8700000
0088	HiC_scaffold_1	8700000	8800000
0089	HiC_scaffold_1	8800000	8900000
0090	HiC_scaffold_1	8900000	9000000
0091	HiC_scaffold_1	9000000	9100000
0092	HiC_scaffold_1	9100000	9200000
0093	HiC_scaffold_1	9200000	9300000
0094	HiC_scaffold_1	9300000	9400000
0095	HiC_scaffold_1	9400000	9500000
0096	HiC_scaffold_1	9500000	9600000
0097	HiC_scaffold_1	9600000	9700000
0098	HiC_scaffold_1	9700000	9800000
0099	HiC_scaffold_1	9800000	9900000
0100	HiC_scaffold_1	9900000	10000000
0101	HiC_scaffold_1	10000000	10100000
0102	HiC_scaffold_1	10100000	10200000
0103	HiC_scaffold_1	10200000	10300000
0104	HiC_scaffold_1	10300000	10400000
0105	HiC_scaffold_1	10400000	10500000
0106	HiC_scaffold_1	10500000	10600000
0107	HiC_scaffold_1	10600000	10700000
0108	HiC_scaffold_1	10700000	10800000
0109	HiC_scaffold_1	10800000	10900000
0110	HiC_scaffold_1	10900000	11000000
0111	HiC_scaffold_1	11000000	11100000
0112	HiC_scaffold_1	11100000	11200000
0113	HiC_scaffold_1	11200000	11300000
0114	HiC_scaffold_1	11300000	11400000
0115	HiC_scaffold_1	11400000	11500000
0116	HiC_scaffold_1	11500000	11600000
0117	HiC_scaffold_1	11600000	11700000
0118	HiC_scaffold_1	11700000	11800000
0119	HiC_scaffold_1	11800000	11900000
0120	HiC_scaffold_1	11900000	12000000
0121	HiC_scaffold_1	12000000	12100000
0122	HiC_scaffold_1	12100000	12200000
0123	HiC_scaffold_1	12200000	12300000
0124	HiC_scaffold_1	12300000	12400000
0125	HiC_scaffold_1	12400000	12500000
0126	HiC_scaffold_1	12500000	12600000
0127	HiC_scaffold_1	12600000	12700000
0128	HiC_scaffold_1	12700000	12800000
0129	HiC_scaffold_1	12800000	12900000
0130	HiC_scaffold_1	12900000	13000000
0131	HiC_scaffold_1	13000000	13100000
0132	HiC_scaffold_1	13100000	13200000
0133	HiC_scaffold_1	13200000	13300000
0134	HiC_scaffold_1	13300000	13400000
0135	HiC_scaffold_1	13400000	13500000
0136	HiC_scaffold_1	13500000	13600000
0137	HiC_scaffold_1	13600000	13700000
0138	HiC_scaffold_1	13700000	13800000
0139	HiC_scaffold_1	13800000	13900000
0140	HiC_scaffold_1	13900000	14000000
0141	HiC_scaffold_1	14000000	14100000
0142	HiC_scaffold_1	14100000	14200000
0143	HiC_scaffold_1	14200000	14300000
0144	HiC_scaffold_1	14300000	14400000
0145	HiC_scaffold_1	14400000	14500000
0146	HiC_scaffold_1	14500000	14600000
0147	HiC_scaffold_1	14600000	14700000
0148	HiC_scaffold_1	14700000	14800000
0149	HiC_scaffold_1	14800000	14900000
0150	HiC_scaffold_1	14900000	15000000
0151	HiC_scaffold_1	15000000	15100000
0152	HiC_scaffold_1	15100000	15200000
0153	HiC_scaffold_1	15200000	15300000
0154	HiC_scaffold_1	15300000	15400000
0155	HiC_scaffold_1	15400000	15500000
0156	HiC_scaffold_1	15500000	15600000
0157	HiC_scaffold_1	15600000	15700000
0158	HiC_scaffold_1	15700000	15800000
0159	HiC_scaffold_1	15800000	15900000
0160	HiC_scaffold_1	15900000	16000000
0161	HiC_scaffold_1	16000000	16100000
0162	HiC_scaffold_1	16100000	16200000
0163	HiC_scaffold_1	16200000	16300000
0164	HiC_scaffold_1	16300000	16400000
0165	HiC_scaffold_1	16400000	16500000
0166	HiC_scaffold_1	16500000	16600000
0167	HiC_scaffold_1	16600000	16700000
0168	HiC_scaffold_1	16700000	16800000
0169	HiC_scaffold_1	16800000	16900000
0170	HiC_scaffold_1	16900000	17000000
0171	HiC_scaffold_1	17000000	17100000
0172	HiC_scaffold_1	17100000	17200000
0173	HiC_scaffold_1	17200000	17300000
0174	HiC_scaffold_1	17300000	17400000
0175	HiC_scaffold_1	17400000	17500000
0176	HiC_scaffold_1	17500000	17600000
0177	HiC_scaffold_1	17600000	17700000
0178	HiC_scaffold_1	17700000	17800000
0179	HiC_scaffold_1	17800000	17900000
0180	HiC_scaffold_1	17900000	18000000
0181	HiC_scaffold_1	18000000	18100000
0182	HiC_scaffold_1	18100000	18200000
0183	HiC_scaffold_1	18200000	18300000
0184	HiC_scaffold_1	18300000	18400000
0185	HiC_scaffold_1	18400000	18500000
0186	HiC_scaffold_1	18500000	18600000
0187	HiC_scaffold_1	18600000	18700000
0188	HiC_scaffold_1	18700000	18800000
0189	HiC_scaffold_1	18800000	18900000
0190	HiC_scaffold_1	18900000	19000000
0191	HiC_scaffold_1	19000000	19100000
0192	HiC_scaffold_1	19100000	19200000
0193	HiC_scaffold_1	19200000	19300000
0194	HiC_scaffold_1	19300000	19400000
0195	HiC_scaffold_1	19400000	19500000
0196	HiC_scaffold_1	19500000	19600000
0197	HiC_scaffold_1	19600000	19700000
0198	HiC_scaffold_1	19700000	19800000
0199	HiC_scaffold_1	19800000	19900000
0200	HiC_scaffold_1	19900000	20000000
0201	HiC_scaffold_1	20000000	20100000
0202	HiC_scaffold_1	20100000	20200000
0203	HiC_scaffold_1	20200000	20300000
0204	HiC_scaffold_1	20300000	20400000
0205	HiC_scaffold_1	20400000	20500000
0206	HiC_scaffold_1	20500000	20600000
0207	HiC_scaffold_1	20600000	20700000
0208	HiC_scaffold_1	20700000	20800000
0209	HiC_scaffold_1	20800000	20900000
0210	HiC_scaffold_1	20900000	21000000
0211	HiC_scaffold_1	21000000	21100000
0212	HiC_scaffold_1	21100000	21200000
0213	HiC_scaffold_1	21200000	21300000
0214	HiC_scaffold_1	21300000	21400000
0215	HiC_scaffold_1	21400000	21500000
0216	HiC_scaffold_1	21500000	21600000
0217	HiC_scaffold_1	21600000	21700000
0218	HiC_scaffold_1	21700000	21800000
0219	HiC_scaffold_1	21800000	21900000
0220	HiC_scaffold_1	21900000	22000000
0221	HiC_scaffold_1	22000000	22100000
0222	HiC_scaffold_1	22100000	22200000
0223	HiC_scaffold_1	22200000	22300000
0224	HiC_scaffold_1	22300000	22400000
0225	HiC_scaffold_1	22400000	22500000
0226	HiC_scaffold_1	22500000	22600000
0227	HiC_scaffold_1	22600000	22700000
0228	HiC_scaffold_1	22700000	22800000
0229	HiC_scaffold_1	22800000	22900000
0230	HiC_scaffold_1	22900000	23000000
0231	HiC_scaffold_1	23000000	23100000
0232	HiC_scaffold_1	23100000	23200000
0233	HiC_scaffold_1	23200000	23300000
0234	HiC_scaffold_1	23300000	23400000
0235	HiC_scaffold_1	23400000	23500000
0236	HiC_scaffold_1	23500000	23600000
0237	HiC_scaffold_1	23600000	23700000
0238	HiC_scaffold_1	23700000	23800000
0239	HiC_scaffold_1	23800000	23900000
0240	HiC_scaffold_1	23900000	24000000
0241	HiC_scaffold_1	24000000	24100000
0242	HiC_scaffold_1	24100000	24200000
0243	HiC_scaffold_1	24200000	24300000
0244	HiC_scaffold_1	24300000	24400000
0245	HiC_scaffold_1	24400000	24500000
0246	HiC_scaffold_1	24500000	24600000
0247	HiC_scaffold_1	24600000	24700000
0248	HiC_scaffold_1	24700000	24800000
0249	HiC_scaffold_1	24800000	24900000
0250	HiC_scaffold_1	24900000	25000000
0251	HiC_scaffold_1	25000000	25100000
0252	HiC_scaffold_1	25100000	25200000
0253	HiC_scaffold_1	25200000	25300000
0254	HiC_scaffold_1	25300000	25400000
0255	HiC_scaffold_1	25400000	25500000
0256	HiC_scaffold_1	25500000	25600000
0257	HiC_scaffold_1	25600000	25700000
0258	HiC_scaffold_1	25700000	25800000
0259	HiC_scaffold_1	25800000	25900000
0260	HiC_scaffold_1	25900000	26000000
0261	HiC_scaffold_1	26000000	26100000
0262	HiC_scaffold_1	26100000	26200000
0263	HiC_scaffold_1	26200000	26300000
0264	HiC_scaffold_1	26300000	26400000
0265	HiC_scaffold_1	26400000	26500000
0266	HiC_scaffold_1	26500000	26600000
0267	HiC_scaffold_1	26600000	26700000
0268	HiC_scaffold_1	26700000	26800000
0269	HiC_scaffold_1	26800000	26900000
0270	HiC_scaffold_1	26900000	27000000
0271	HiC_scaffold_1	27000000	27100000
0272	HiC_scaffold_1	27100000	27200000
0273	HiC_scaffold_1	27200000	27300000
0274	HiC_scaffold_1	27300000	27400000
0275	HiC_scaffold_1	27400000	27500000
0276	HiC_scaffold_1	27500000	27600000
0277	HiC_scaffold_1	27600000	27700000
0278	HiC_scaffold_1	27700000	27800000
0279	HiC_scaffold_1	27800000	27900000
0280	HiC_scaffold_1	27900000	28000000
0281	HiC_scaffold_1	28000000	28100000
0282	HiC_scaffold_1	28100000	28200000
0283	HiC_scaffold_1	28200000	28300000
0284	HiC_scaffold_1	28300000	28400000
0285	HiC_scaffold_1	28400000	28500000
0286	HiC_scaffold_1	28500000	28600000
0287	HiC_scaffold_1	28600000	28700000
0288	HiC_scaffold_1	28700000	28800000
0289	HiC_scaffold_1	28800000	28900000
0290	HiC_scaffold_1	28900000	29000000
0291	HiC_scaffold_1	29000000	29100000
0292	HiC_scaffold_1	29100000	29200000
0293	HiC_scaffold_1	29200000	29300000
0294	HiC_scaffold_1	29300000	29400000
0295	HiC_scaffold_1	29400000	29500000
0296	HiC_scaffold_1	29500000	29600000
0297	HiC_scaffold_1	29600000	29700000
0298	HiC_scaffold_1	29700000	29800000
0299	HiC_scaffold_1	29800000	29900000
0300	HiC_scaffold_1	29900000	30000000
0301	HiC_scaffold_1	30000000	30100000
0302	HiC_scaffold_1	30100000	30200000
0303	HiC_scaffold_1	30200000	30300000
0304	HiC_scaffold_1	30300000	30400000
0305	HiC_scaffold_1	30400000	30500000
0306	HiC_scaffold_1	30500000	30600000
0307	HiC_scaffold_1	30600000	30700000
0308	HiC_scaffold_1	30700000	30800000
0309	HiC_scaffold_1	30800000	30900000
0310	HiC_scaffold_1	30900000	31000000
0311	HiC_scaffold_1	31000000	31100000
0312	HiC_scaffold_1	31100000	31200000
0313	HiC_scaffold_1	31200000	31300000
0314	HiC_scaffold_1	31300000	31400000
0315	HiC_scaffold_1	31400000	31500000
0316	HiC_scaffold_1	31500000	31600000
0317	HiC_scaffold_1	31600000	31700000
0318	HiC_scaffold_1	31700000	31800000
0319	HiC_scaffold_1	31800000	31900000
0320	HiC_scaffold_1	31900000	32000000
0321	HiC_scaffold_1	32000000	32100000
0322	HiC_scaffold_1	32100000	32200000
0323	HiC_scaffold_1	32200000	32300000
0324	HiC_scaffold_1	32300000	32400000
0325	HiC_scaffold_1	32400000	32500000
0326	HiC_scaffold_1	32500000	32600000
0327	HiC_scaffold_1	32600000	32700000
0328	HiC_scaffold_1	32700000	32800000
0329	HiC_scaffold_1	32800000	32900000
0330	HiC_scaffold_1	32900000	33000000
0331	HiC_scaffold_1	33000000	33100000
0332	HiC_scaffold_1	33100000	33200000
0333	HiC_scaffold_1	33200000	33300000
0334	HiC_scaffold_1	33300000	33400000
0335	HiC_scaffold_1	33400000	33500000
0336	HiC_scaffold_1	33500000	33600000
0337	HiC_scaffold_1	33600000	33700000
0338	HiC_scaffold_1	33700000	33800000
0339	HiC_scaffold_1	33800000	33900000
0340	HiC_scaffold_1	33900000	34000000
0341	HiC_scaffold_1	34000000	34100000
0342	HiC_scaffold_1	34100000	34200000
0343	HiC_scaffold_1	34200000	34300000
0344	HiC_scaffold_1	34300000	34400000
0345	HiC_scaffold_1	34400000	34500000
0346	HiC_scaffold_1	34500000	34600000
0347	HiC_scaffold_1	34600000	34700000
0348	HiC_scaffold_1	34700000	34800000
0349	HiC_scaffold_1	34800000	34900000
0350	HiC_scaffold_1	34900000	35000000
0351	HiC_scaffold_1	35000000	35100000
0352	HiC_scaffold_1	35100000	35200000
0353	HiC_scaffold_1	35200000	35300000
0354	HiC_scaffold_1	35300000	35400000
0355	HiC_scaffold_1	35400000	35500000
0356	HiC_scaffold_1	35500000	35600000
0357	HiC_scaffold_1	35600000	35700000
0358	HiC_scaffold_1	35700000	35800000
0359	HiC_scaffold_1	35800000	35900000
0360	HiC_scaffold_1	35900000	36000000
0361	HiC_scaffold_1	36000000	36100000
0362	HiC_scaffold_1	36100000	36200000
0363	HiC_scaffold_1	36200000	36300000
0364	HiC_scaffold_1	36300000	36400000
0365	HiC_scaffold_1	36400000	36500000
0366	HiC_scaffold_1	36500000	36600000
0367	HiC_scaffold_1	36600000	36700000
0368	HiC_scaffold_1	36700000	36800000
0369	HiC_scaffold_1	36800000	36900000
0370	HiC_scaffold_1	36900000	37000000
0371	HiC_scaffold_1	37000000	37100000
0372	HiC_scaffold_1	37100000	37200000
0373	HiC_scaffold_1	37200000	37300000
0374	HiC_scaffold_1	37300000	37400000
0375	HiC_scaffold_1	37400000	37500000
0376	HiC_scaffold_1	37500000	37600000
0377	HiC_scaffold_1	37600000	37700000
0378	HiC_scaffold_1	37700000	37800000
0379	HiC_scaffold_1	37800000	37900000
0380	HiC_scaffold_1	37900000	38000000
0381	HiC_scaffold_1	38000000	38100000
0382	HiC_scaffold_1	38100000	38200000
0383	HiC_scaffold_1	38200000	38300000
0384	HiC_scaffold_1	38300000	38400000
0385	HiC_scaffold_1	38400000	38500000
0386	HiC_scaffold_1	38500000	38600000
0387	HiC_scaffold_1	38600000	38700000
0388	HiC_scaffold_1	38700000	38800000
0389	HiC_scaffold_1	38800000	38900000
0390	HiC_scaffold_1	38900000	39000000
0391	HiC_scaffold_1	39000000	39100000
0392	HiC_scaffold_1	39100000	39200000
0393	HiC_scaffold_1	39200000	39300000
0394	HiC_scaffold_1	39300000	39400000
0395	HiC_scaffold_1	39400000	39500000
0396	HiC_scaffold_1	39500000	39600000
0397	HiC_scaffold_1	39600000	39700000
0398	HiC_scaffold_1	39700000	39800000
0399	HiC_scaffold_1	39800000	39900000
0400	HiC_scaffold_1	39900000	40000000
0401	HiC_scaffold_1	40000000	40100000
0402	HiC_scaffold_1	40100000	40200000
0403	HiC_scaffold_1	40200000	40300000
0404	HiC_scaffold_1	40300000	40400000
0405	HiC_scaffold_1	40400000	40500000
0406	HiC_scaffold_1	40500000	40600000
0407	HiC_scaffold_1	40600000	40700000
0408	HiC_scaffold_1	40700000	40800000
0409	HiC_scaffold_1	40800000	40900000
0410	HiC_scaffold_1	40900000	41000000
0411	HiC_scaffold_1	41000000	41100000
0412	HiC_scaffold_1	41100000	41200000
0413	HiC_scaffold_1	41200000	41300000
0414	HiC_scaffold_1	41300000	41400000
0415	HiC_scaffold_1	41400000	41500000
0416	HiC_scaffold_1	41500000	41600000
0417	HiC_scaffold_1	41600000	41700000
0418	HiC_scaffold_1	41700000	41800000
0419	HiC_scaffold_1	41800000	41900000
0420	HiC_scaffold_1	41900000	42000000
0421	HiC_scaffold_1	42000000	42100000
0422	HiC_scaffold_1	42100000	42200000
0423	HiC_scaffold_1	42200000	42300000
0424	HiC_scaffold_1	42300000	42400000
0425	HiC_scaffold_1	42400000	42500000
0426	HiC_scaffold_1	42500000	42600000
0427	HiC_scaffold_1	42600000	42700000
0428	HiC_scaffold_1	42700000	42800000
0429	HiC_scaffold_1	42800000	42900000
0430	HiC_scaffold_1	42900000	43000000
0431	HiC_scaffold_1	43000000	43100000
0432	HiC_scaffold_1	43100000	43200000
0433	HiC_scaffold_1	43200000	43300000
0434	HiC_scaffold_1	43300000	43400000
0435	HiC_scaffold_1	43400000	43500000
0436	HiC_scaffold_1	43500000	43600000
0437	HiC_scaffold_1	43600000	43700000
0438	HiC_scaffold_1	43700000	43800000
0439	HiC_scaffold_1	43800000	43900000
0440	HiC_scaffold_1	43900000	44000000
0441	HiC_scaffold_1	44000000	44100000
0442	HiC_scaffold_1	44100000	44200000
0443	HiC_scaffold_1	44200000	44300000
0444	HiC_scaffold_1	44300000	44400000
0445	HiC_scaffold_1	44400000	44500000
0446	HiC_scaffold_1	44500000	44600000
0447	HiC_scaffold_1	44600000	44700000
0448	HiC_scaffold_1	44700000	44800000
0449	HiC_scaffold_1	44800000	44900000
0450	HiC_scaffold_1	44900000	45000000
0451	HiC_scaffold_1	45000000	45100000
0452	HiC_scaffold_1	45100000	45200000
0453	HiC_scaffold_1	45200000	45300000
0454	HiC_scaffold_1	45300000	45400000
0455	HiC_scaffold_1	45400000	45500000
0456	HiC_scaffold_1	45500000	45600000
0457	HiC_scaffold_1	45600000	45700000
0458	HiC_scaffold_1	45700000	45800000
0459	HiC_scaffold_1	45800000	45900000
0460	HiC_scaffold_1	45900000	46000000
0461	HiC_scaffold_1	46000000	46100000
0462	HiC_scaffold_1	46100000	46200000
0463	HiC_scaffold_1	46200000	46300000
0464	HiC_scaffold_1	46300000	46400000
0465	HiC_scaffold_1	46400000	46500000
0466	HiC_scaffold_1	46500000	46600000
0467	HiC_scaffold_1	46600000	46700000
0468	HiC_scaffold_1	46700000	46800000
0469	HiC_scaffold_1	46800000	46900000
0470	HiC_scaffold_1	46900000	47000000
0471	HiC_scaffold_1	47000000	47100000
0472	HiC_scaffold_1	47100000	47200000
0473	HiC_scaffold_1	47200000	47300000
0474	HiC_scaffold_1	47300000	47400000
0475	HiC_scaffold_1	47400000	47500000
0476	HiC_scaffold_1	47500000	47600000
0477	HiC_scaffold_1	47600000	47700000
0478	HiC_scaffold_1	47700000	47800000
0479	HiC_scaffold_1	47800000	47900000
0480	HiC_scaffold_1	47900000	48000000
0481	HiC_scaffold_1	48000000	48100000
0482	HiC_scaffold_1	48100000	48200000
0483	HiC_scaffold_1	48200000	48300000
0484	HiC_scaffold_1	48300000	48400000
0485	HiC_scaffold_1	48400000	48500000
0486	HiC_scaffold_1	48500000	48600000
0487	HiC_scaffold_1	48600000	48700000
0488	HiC_scaffold_1	48700000	48800000
0489	HiC_scaffold_1	48800000	48900000
0490	HiC_scaffold_1	48900000	49000000
0491	HiC_scaffold_1	49000000	49100000
0492	HiC_scaffold_1	49100000	49200000
0493	HiC_scaffold_1	49200000	49300000
0494	HiC_scaffold_1	49300000	49400000
0495	HiC_scaffold_1	49400000	49500000
0496	HiC_scaffold_1	49500000	49600000
0497	HiC_scaffold_1	49600000	49700000
0498	HiC_scaffold_1	49700000	49800000
0499	HiC_scaffold_1	49800000	49900000
0500	HiC_scaffold_1	49900000	50000000
0501	HiC_scaffold_1	50000000	50100000
0502	HiC_scaffold_1	50100000	50200000
0503	HiC_scaffold_1	50200000	50300000
0504	HiC_scaffold_1	50300000	50400000
0505	HiC_scaffold_1	50400000	50500000
0506	HiC_scaffold_1	50500000	50600000
0507	HiC_scaffold_1	50600000	50700000
0508	HiC_scaffold_1	50700000	50800000
0509	HiC_scaffold_1	50800000	50900000
0510	HiC_scaffold_1	50900000	51000000
0511	HiC_scaffold_1	51000000	51100000
0512	HiC_scaffold_1	51100000	51200000
0513	HiC_scaffold_1	51200000	51300000
0514	HiC_scaffold_1	51300000	51400000
0515	HiC_scaffold_1	51400000	51500000
0516	HiC_scaffold_1	51500000	51600000
0517	HiC_scaffold_1	51600000	51700000
0518	HiC_scaffold_1	51700000	51800000
0519	HiC_scaffold_1	51800000	51900000
0520	HiC_scaffold_1	51900000	52000000
0521	HiC_scaffold_1	52000000	52100000
0522	HiC_scaffold_1	52100000	52200000
0523	HiC_scaffold_1	52200000	52300000
0524	HiC_scaffold_1	52300000	52400000
0525	HiC_scaffold_1	52400000	52500000
0526	HiC_scaffold_1	52500000	52600000
0527	HiC_scaffold_1	52600000	52700000
0528	HiC_scaffold_1	52700000	52800000
0529	HiC_scaffold_1	52800000	52900000
0530	HiC_scaffold_1	52900000	53000000
0531	HiC_scaffold_1	53000000	53100000
0532	HiC_scaffold_1	53100000	53200000
0533	HiC_scaffold_1	53200000	53300000
0534	HiC_scaffold_1	53300000	53400000
0535	HiC_scaffold_1	53400000	53500000
0536	HiC_scaffold_1	53500000	53600000
0537	HiC_scaffold_1	53600000	53700000
0538	HiC_scaffold_1	53700000	53800000
0539	HiC_scaffold_1	53800000	53900000
0540	HiC_scaffold_1	53900000	54000000
0541	HiC_scaffold_1	54000000	54100000
0542	HiC_scaffold_1	54100000	54200000
0543	HiC_scaffold_1	54200000	54300000
0544	HiC_scaffold_1	54300000	54400000
0545	HiC_scaffold_1	54400000	54500000
0546	HiC_scaffold_1	54500000	54600000
0547	HiC_scaffold_1	54600000	54700000
0548	HiC_scaffold_1	54700000	54800000
0549	HiC_scaffold_1	54800000	54900000
0550	HiC_scaffold_1	54900000	55000000
0551	HiC_scaffold_1	55000000	55100000
0552	HiC_scaffold_1	55100000	55200000
0553	HiC_scaffold_1	55200000	55300000
0554	HiC_scaffold_1	55300000	55400000
0555	HiC_scaffold_1	55400000	55500000
0556	HiC_scaffold_1	55500000	55600000
0557	HiC_scaffold_1	55600000	55700000
0558	HiC_scaffold_1	55700000	55800000
0559	HiC_scaffold_1	55800000	55900000
0560	HiC_scaffold_1	55900000	56000000
0561	HiC_scaffold_1	56000000	56100000
0562	HiC_scaffold_1	56100000	56200000
0563	HiC_scaffold_1	56200000	56300000
0564	HiC_scaffold_1	56300000	56400000
0565	HiC_scaffold_1	56400000	56500000
0566	HiC_scaffold_1	56500000	56600000
0567	HiC_scaffold_1	56600000	56700000
0568	HiC_scaffold_1	56700000	56800000
0569	HiC_scaffold_1	56800000	56900000
0570	HiC_scaffold_1	56900000	57000000
0571	HiC_scaffold_1	57000000	57034960
0572	HiC_scaffold_2	0	100000
0573	HiC_scaffold_2	100000	200000
0574	HiC_scaffold_2	200000	300000
0575	HiC_scaffold_2	300000	400000
0576	HiC_scaffold_2	400000	500000
0577	HiC_scaffold_2	500000	600000
0578	HiC_scaffold_2	600000	700000
0579	HiC_scaffold_2	700000	800000
0580	HiC_scaffold_2	800000	900000
0581	HiC_scaffold_2	900000	1000000
0582	HiC_scaffold_2	1000000	1100000
0583	HiC_scaffold_2	1100000	1200000
0584	HiC_scaffold_2	1200000	1300000
0585	HiC_scaffold_2	1300000	1400000
0586	HiC_scaffold_2	1400000	1500000
0587	HiC_scaffold_2	1500000	1600000
0588	HiC_scaffold_2	1600000	1700000
0589	HiC_scaffold_2	1700000	1800000
0590	HiC_scaffold_2	1800000	1900000
0591	HiC_scaffold_2	1900000	2000000
0592	HiC_scaffold_2	2000000	2100000
0593	HiC_scaffold_2	2100000	2200000
0594	HiC_scaffold_2	2200000	2300000
0595	HiC_scaffold_2	2300000	2400000
0596	HiC_scaffold_2	2400000	2500000
0597	HiC_scaffold_2	2500000	2600000
0598	HiC_scaffold_2	2600000	2700000
0599	HiC_scaffold_2	2700000	2800000
0600	HiC_scaffold_2	2800000	2900000
0601	HiC_scaffold_2	2900000	3000000
0602	HiC_scaffold_2	3000000	3100000
0603	HiC_scaffold_2	3100000	3200000
0604	HiC_scaffold_2	3200000	3300000
0605	HiC_scaffold_2	3300000	3400000
0606	HiC_scaffold_2	3400000	3500000
0607	HiC_scaffold_2	3500000	3600000
0608	HiC_scaffold_2	3600000	3700000
0609	HiC_scaffold_2	3700000	3800000
0610	HiC_scaffold_2	3800000	3900000
0611	HiC_scaffold_2	3900000	4000000
0612	HiC_scaffold_2	4000000	4100000
0613	HiC_scaffold_2	4100000	4200000
0614	HiC_scaffold_2	4200000	4300000
0615	HiC_scaffold_2	4300000	4400000
0616	HiC_scaffold_2	4400000	4500000
0617	HiC_scaffold_2	4500000	4600000
0618	HiC_scaffold_2	4600000	4700000
0619	HiC_scaffold_2	4700000	4800000
0620	HiC_scaffold_2	4800000	4900000
0621	HiC_scaffold_2	4900000	5000000
0622	HiC_scaffold_2	5000000	5100000
0623	HiC_scaffold_2	5100000	5200000
0624	HiC_scaffold_2	5200000	5300000
0625	HiC_scaffold_2	5300000	5400000
0626	HiC_scaffold_2	5400000	5500000
0627	HiC_scaffold_2	5500000	5600000
0628	HiC_scaffold_2	5600000	5700000
0629	HiC_scaffold_2	5700000	5800000
0630	HiC_scaffold_2	5800000	5900000
0631	HiC_scaffold_2	5900000	6000000
0632	HiC_scaffold_2	6000000	6100000
0633	HiC_scaffold_2	6100000	6200000
0634	HiC_scaffold_2	6200000	6300000
0635	HiC_scaffold_2	6300000	6400000
0636	HiC_scaffold_2	6400000	6500000
0637	HiC_scaffold_2	6500000	6600000
0638	HiC_scaffold_2	6600000	6700000
0639	HiC_scaffold_2	6700000	6800000
0640	HiC_scaffold_2	6800000	6900000
0641	HiC_scaffold_2	6900000	7000000
0642	HiC_scaffold_2	7000000	7100000
0643	HiC_scaffold_2	7100000	7200000
0644	HiC_scaffold_2	7200000	7300000
0645	HiC_scaffold_2	7300000	7400000
0646	HiC_scaffold_2	7400000	7500000
0647	HiC_scaffold_2	7500000	7600000
0648	HiC_scaffold_2	7600000	7700000
0649	HiC_scaffold_2	7700000	7800000
0650	HiC_scaffold_2	7800000	7900000
0651	HiC_scaffold_2	7900000	8000000
0652	HiC_scaffold_2	8000000	8100000
0653	HiC_scaffold_2	8100000	8200000
0654	HiC_scaffold_2	8200000	8300000
0655	HiC_scaffold_2	8300000	8400000
0656	HiC_scaffold_2	8400000	8500000
0657	HiC_scaffold_2	8500000	8600000
0658	HiC_scaffold_2	8600000	8700000
0659	HiC_scaffold_2	8700000	8800000
0660	HiC_scaffold_2	8800000	8900000
0661	HiC_scaffold_2	8900000	9000000
0662	HiC_scaffold_2	9000000	9100000
0663	HiC_scaffold_2	9100000	9200000
0664	HiC_scaffold_2	9200000	9300000
0665	HiC_scaffold_2	9300000	9400000
0666	HiC_scaffold_2	9400000	9500000
0667	HiC_scaffold_2	9500000	9600000
0668	HiC_scaffold_2	9600000	9700000
0669	HiC_scaffold_2	9700000	9800000
0670	HiC_scaffold_2	9800000	9900000
0671	HiC_scaffold_2	9900000	10000000
0672	HiC_scaffold_2	10000000	10100000
0673	HiC_scaffold_2	10100000	10200000
0674	HiC_scaffold_2	10200000	10300000
0675	HiC_scaffold_2	10300000	10400000
0676	HiC_scaffold_2	10400000	10500000
0677	HiC_scaffold_2	10500000	10600000
0678	HiC_scaffold_2	10600000	10700000
0679	HiC_scaffold_2	10700000	10800000
0680	HiC_scaffold_2	10800000	10900000
0681	HiC_scaffold_2	10900000	11000000
0682	HiC_scaffold_2	11000000	11100000
0683	HiC_scaffold_2	11100000	11200000
0684	HiC_scaffold_2	11200000	11300000
0685	HiC_scaffold_2	11300000	11400000
0686	HiC_scaffold_2	11400000	11500000
0687	HiC_scaffold_2	11500000	11600000
0688	HiC_scaffold_2	11600000	11700000
0689	HiC_scaffold_2	11700000	11800000
0690	HiC_scaffold_2	11800000	11900000
0691	HiC_scaffold_2	11900000	12000000
0692	HiC_scaffold_2	12000000	12100000
0693	HiC_scaffold_2	12100000	12200000
0694	HiC_scaffold_2	12200000	12300000
0695	HiC_scaffold_2	12300000	12400000
0696	HiC_scaffold_2	12400000	12500000
0697	HiC_scaffold_2	12500000	12600000
0698	HiC_scaffold_2	12600000	12700000
0699	HiC_scaffold_2	12700000	12800000
0700	HiC_scaffold_2	12800000	12900000
0701	HiC_scaffold_2	12900000	13000000
0702	HiC_scaffold_2	13000000	13100000
0703	HiC_scaffold_2	13100000	13200000
0704	HiC_scaffold_2	13200000	13300000
0705	HiC_scaffold_2	13300000	13400000
0706	HiC_scaffold_2	13400000	13500000
0707	HiC_scaffold_2	13500000	13600000
0708	HiC_scaffold_2	13600000	13700000
0709	HiC_scaffold_2	13700000	13800000
0710	HiC_scaffold_2	13800000	13900000
0711	HiC_scaffold_2	13900000	14000000
0712	HiC_scaffold_2	14000000	14100000
0713	HiC_scaffold_2	14100000	14200000
0714	HiC_scaffold_2	14200000	14300000
0715	HiC_scaffold_2	14300000	14400000
0716	HiC_scaffold_2	14400000	14500000
0717	HiC_scaffold_2	14500000	14600000
0718	HiC_scaffold_2	14600000	14700000
0719	HiC_scaffold_2	14700000	14800000
0720	HiC_scaffold_2	14800000	14900000
0721	HiC_scaffold_2	14900000	15000000
0722	HiC_scaffold_2	15000000	15100000
0723	HiC_scaffold_2	15100000	15200000
0724	HiC_scaffold_2	15200000	15300000
0725	HiC_scaffold_2	15300000	15400000
0726	HiC_scaffold_2	15400000	15500000
0727	HiC_scaffold_2	15500000	15600000
0728	HiC_scaffold_2	15600000	15700000
0729	HiC_scaffold_2	15700000	15800000
0730	HiC_scaffold_2	15800000	15900000
0731	HiC_scaffold_2	15900000	16000000
0732	HiC_scaffold_2	16000000	16100000
0733	HiC_scaffold_2	16100000	16200000
0734	HiC_scaffold_2	16200000	16300000
0735	HiC_scaffold_2	16300000	16400000
0736	HiC_scaffold_2	16400000	16500000
0737	HiC_scaffold_2	16500000	16600000
0738	HiC_scaffold_2	16600000	16700000
0739	HiC_scaffold_2	16700000	16800000
0740	HiC_scaffold_2	16800000	16900000
0741	HiC_scaffold_2	16900000	17000000
0742	HiC_scaffold_2	17000000	17100000
0743	HiC_scaffold_2	17100000	17200000
0744	HiC_scaffold_2	17200000	17300000
0745	HiC_scaffold_2	17300000	17400000
0746	HiC_scaffold_2	17400000	17500000
0747	HiC_scaffold_2	17500000	17600000
0748	HiC_scaffold_2	17600000	17700000
0749	HiC_scaffold_2	17700000	17800000
0750	HiC_scaffold_2	17800000	17900000
0751	HiC_scaffold_2	17900000	18000000
0752	HiC_scaffold_2	18000000	18100000
0753	HiC_scaffold_2	18100000	18200000
0754	HiC_scaffold_2	18200000	18300000
0755	HiC_scaffold_2	18300000	18400000
0756	HiC_scaffold_2	18400000	18500000
0757	HiC_scaffold_2	18500000	18600000
0758	HiC_scaffold_2	18600000	18700000
0759	HiC_scaffold_2	18700000	18800000
0760	HiC_scaffold_2	18800000	18900000
0761	HiC_scaffold_2	18900000	19000000
0762	HiC_scaffold_2	19000000	19100000
0763	HiC_scaffold_2	19100000	19200000
0764	HiC_scaffold_2	19200000	19300000
0765	HiC_scaffold_2	19300000	19400000
0766	HiC_scaffold_2	19400000	19500000
0767	HiC_scaffold_2	19500000	19600000
0768	HiC_scaffold_2	19600000	19700000
0769	HiC_scaffold_2	19700000	19800000
0770	HiC_scaffold_2	19800000	19900000
0771	HiC_scaffold_2	19900000	20000000
0772	HiC_scaffold_2	20000000	20100000
0773	HiC_scaffold_2	20100000	20200000
0774	HiC_scaffold_2	20200000	20300000
0775	HiC_scaffold_2	20300000	20400000
0776	HiC_scaffold_2	20400000	20500000
0777	HiC_scaffold_2	20500000	20600000
0778	HiC_scaffold_2	20600000	20700000
0779	HiC_scaffold_2	20700000	20800000
0780	HiC_scaffold_2	20800000	20900000
0781	HiC_scaffold_2	20900000	21000000
0782	HiC_scaffold_2	21000000	21100000
0783	HiC_scaffold_2	21100000	21200000
0784	HiC_scaffold_2	21200000	21300000
0785	HiC_scaffold_2	21300000	21400000
0786	HiC_scaffold_2	21400000	21500000
0787	HiC_scaffold_2	21500000	21600000
0788	HiC_scaffold_2	21600000	21700000
0789	HiC_scaffold_2	21700000	21800000
0790	HiC_scaffold_2	21800000	21900000
0791	HiC_scaffold_2	21900000	22000000
0792	HiC_scaffold_2	22000000	22100000
0793	HiC_scaffold_2	22100000	22200000
0794	HiC_scaffold_2	22200000	22300000
0795	HiC_scaffold_2	22300000	22400000
0796	HiC_scaffold_2	22400000	22500000
0797	HiC_scaffold_2	22500000	22600000
0798	HiC_scaffold_2	22600000	22700000
0799	HiC_scaffold_2	22700000	22800000
0800	HiC_scaffold_2	22800000	22900000
0801	HiC_scaffold_2	22900000	23000000
0802	HiC_scaffold_2	23000000	23100000
0803	HiC_scaffold_2	23100000	23200000
0804	HiC_scaffold_2	23200000	23300000
0805	HiC_scaffold_2	23300000	23400000
0806	HiC_scaffold_2	23400000	23500000
0807	HiC_scaffold_2	23500000	23600000
0808	HiC_scaffold_2	23600000	23700000
0809	HiC_scaffold_2	23700000	23800000
0810	HiC_scaffold_2	23800000	23900000
0811	HiC_scaffold_2	23900000	24000000
0812	HiC_scaffold_2	24000000	24100000
0813	HiC_scaffold_2	24100000	24200000
0814	HiC_scaffold_2	24200000	24300000
0815	HiC_scaffold_2	24300000	24400000
0816	HiC_scaffold_2	24400000	24500000
0817	HiC_scaffold_2	24500000	24600000
0818	HiC_scaffold_2	24600000	24700000
0819	HiC_scaffold_2	24700000	24800000
0820	HiC_scaffold_2	24800000	24900000
0821	HiC_scaffold_2	24900000	25000000
0822	HiC_scaffold_2	25000000	25100000
0823	HiC_scaffold_2	25100000	25200000
0824	HiC_scaffold_2	25200000	25300000
0825	HiC_scaffold_2	25300000	25400000
0826	HiC_scaffold_2	25400000	25500000
0827	HiC_scaffold_2	25500000	25600000
0828	HiC_scaffold_2	25600000	25700000
0829	HiC_scaffold_2	25700000	25800000
0830	HiC_scaffold_2	25800000	25900000
0831	HiC_scaffold_2	25900000	26000000
0832	HiC_scaffold_2	26000000	26100000
0833	HiC_scaffold_2	26100000	26200000
0834	HiC_scaffold_2	26200000	26300000
0835	HiC_scaffold_2	26300000	26400000
0836	HiC_scaffold_2	26400000	26500000
0837	HiC_scaffold_2	26500000	26600000
0838	HiC_scaffold_2	26600000	26700000
0839	HiC_scaffold_2	26700000	26800000
0840	HiC_scaffold_2	26800000	26900000
0841	HiC_scaffold_2	26900000	27000000
0842	HiC_scaffold_2	27000000	27100000
0843	HiC_scaffold_2	27100000	27200000
0844	HiC_scaffold_2	27200000	27300000
0845	HiC_scaffold_2	27300000	27400000
0846	HiC_scaffold_2	27400000	27500000
0847	HiC_scaffold_2	27500000	27600000
0848	HiC_scaffold_2	27600000	27700000
0849	HiC_scaffold_2	27700000	27800000
0850	HiC_scaffold_2	27800000	27900000
0851	HiC_scaffold_2	27900000	28000000
0852	HiC_scaffold_2	28000000	28100000
0853	HiC_scaffold_2	28100000	28200000
0854	HiC_scaffold_2	28200000	28300000
0855	HiC_scaffold_2	28300000	28400000
0856	HiC_scaffold_2	28400000	28500000
0857	HiC_scaffold_2	28500000	28600000
0858	HiC_scaffold_2	28600000	28700000
0859	HiC_scaffold_2	28700000	28800000
0860	HiC_scaffold_2	28800000	28900000
0861	HiC_scaffold_2	28900000	29000000
0862	HiC_scaffold_2	29000000	29100000
0863	HiC_scaffold_2	29100000	29200000
0864	HiC_scaffold_2	29200000	29300000
0865	HiC_scaffold_2	29300000	29400000
0866	HiC_scaffold_2	29400000	29500000
0867	HiC_scaffold_2	29500000	29600000
0868	HiC_scaffold_2	29600000	29700000
0869	HiC_scaffold_2	29700000	29800000
0870	HiC_scaffold_2	29800000	29900000
0871	HiC_scaffold_2	29900000	30000000
0872	HiC_scaffold_2	30000000	30100000
0873	HiC_scaffold_2	30100000	30200000
0874	HiC_scaffold_2	30200000	30300000
0875	HiC_scaffold_2	30300000	30400000
0876	HiC_scaffold_2	30400000	30500000
0877	HiC_scaffold_2	30500000	30600000
0878	HiC_scaffold_2	30600000	30700000
0879	HiC_scaffold_2	30700000	30800000
0880	HiC_scaffold_2	30800000	30900000
0881	HiC_scaffold_2	30900000	31000000
0882	HiC_scaffold_2	31000000	31100000
0883	HiC_scaffold_2	31100000	31200000
0884	HiC_scaffold_2	31200000	31300000
0885	HiC_scaffold_2	31300000	31400000
0886	HiC_scaffold_2	31400000	31500000
0887	HiC_scaffold_2	31500000	31600000
0888	HiC_scaffold_2	31600000	31700000
0889	HiC_scaffold_2	31700000	31800000
0890	HiC_scaffold_2	31800000	31900000
0891	HiC_scaffold_2	31900000	32000000
0892	HiC_scaffold_2	32000000	32100000
0893	HiC_scaffold_2	32100000	32200000
0894	HiC_scaffold_2	32200000	32300000
0895	HiC_scaffold_2	32300000	32400000
0896	HiC_scaffold_2	32400000	32500000
0897	HiC_scaffold_2	32500000	32600000
0898	HiC_scaffold_2	32600000	32700000
0899	HiC_scaffold_2	32700000	32800000
0900	HiC_scaffold_2	32800000	32900000
0901	HiC_scaffold_2	32900000	33000000
0902	HiC_scaffold_2	33000000	33100000
0903	HiC_scaffold_2	33100000	33200000
0904	HiC_scaffold_2	33200000	33300000
0905	HiC_scaffold_2	33300000	33400000
0906	HiC_scaffold_2	33400000	33500000
0907	HiC_scaffold_2	33500000	33600000
0908	HiC_scaffold_2	33600000	33700000
0909	HiC_scaffold_2	33700000	33800000
0910	HiC_scaffold_2	33800000	33900000
0911	HiC_scaffold_2	33900000	34000000
0912	HiC_scaffold_2	34000000	34100000
0913	HiC_scaffold_2	34100000	34200000
0914	HiC_scaffold_2	34200000	34300000
0915	HiC_scaffold_2	34300000	34400000
0916	HiC_scaffold_2	34400000	34500000
0917	HiC_scaffold_2	34500000	34600000
0918	HiC_scaffold_2	34600000	34700000
0919	HiC_scaffold_2	34700000	34800000
0920	HiC_scaffold_2	34800000	34900000
0921	HiC_scaffold_2	34900000	35000000
0922	HiC_scaffold_2	35000000	35100000
0923	HiC_scaffold_2	35100000	35200000
0924	HiC_scaffold_2	35200000	35300000
0925	HiC_scaffold_2	35300000	35400000
0926	HiC_scaffold_2	35400000	35500000
0927	HiC_scaffold_2	35500000	35600000
0928	HiC_scaffold_2	35600000	35700000
0929	HiC_scaffold_2	35700000	35800000
0930	HiC_scaffold_2	35800000	35900000
0931	HiC_scaffold_2	35900000	36000000
0932	HiC_scaffold_2	36000000	36100000
0933	HiC_scaffold_2	36100000	36200000
0934	HiC_scaffold_2	36200000	36300000
0935	HiC_scaffold_2	36300000	36400000
0936	HiC_scaffold_2	36400000	36500000
0937	HiC_scaffold_2	36500000	36600000
0938	HiC_scaffold_2	36600000	36700000
0939	HiC_scaffold_2	36700000	36800000
0940	HiC_scaffold_2	36800000	36900000
0941	HiC_scaffold_2	36900000	37000000
0942	HiC_scaffold_2	37000000	37100000
0943	HiC_scaffold_2	37100000	37200000
0944	HiC_scaffold_2	37200000	37300000
0945	HiC_scaffold_2	37300000	37400000
0946	HiC_scaffold_2	37400000	37500000
0947	HiC_scaffold_2	37500000	37600000
0948	HiC_scaffold_2	37600000	37700000
0949	HiC_scaffold_2	37700000	37800000
0950	HiC_scaffold_2	37800000	37900000
0951	HiC_scaffold_2	37900000	38000000
0952	HiC_scaffold_2	38000000	38100000
0953	HiC_scaffold_2	38100000	38200000
0954	HiC_scaffold_2	38200000	38300000
0955	HiC_scaffold_2	38300000	38400000
0956	HiC_scaffold_2	38400000	38500000
0957	HiC_scaffold_2	38500000	38600000
0958	HiC_scaffold_2	38600000	38700000
0959	HiC_scaffold_2	38700000	38800000
0960	HiC_scaffold_2	38800000	38900000
0961	HiC_scaffold_2	38900000	39000000
0962	HiC_scaffold_2	39000000	39100000
0963	HiC_scaffold_2	39100000	39200000
0964	HiC_scaffold_2	39200000	39300000
0965	HiC_scaffold_2	39300000	39400000
0966	HiC_scaffold_2	39400000	39500000
0967	HiC_scaffold_2	39500000	39600000
0968	HiC_scaffold_2	39600000	39700000
0969	HiC_scaffold_2	39700000	39800000
0970	HiC_scaffold_2	39800000	39900000
0971	HiC_scaffold_2	39900000	40000000
0972	HiC_scaffold_2	40000000	40100000
0973	HiC_scaffold_2	40100000	40200000
0974	HiC_scaffold_2	40200000	40300000
0975	HiC_scaffold_2	40300000	40400000
0976	HiC_scaffold_2	40400000	40500000
0977	HiC_scaffold_2	40500000	40600000
0978	HiC_scaffold_2	40600000	40700000
0979	HiC_scaffold_2	40700000	40800000
0980	HiC_scaffold_2	40800000	40900000
0981	HiC_scaffold_2	40900000	41000000
0982	HiC_scaffold_2	41000000	41100000
0983	HiC_scaffold_2	41100000	41200000
0984	HiC_scaffold_2	41200000	41300000
0985	HiC_scaffold_2	41300000	41400000
0986	HiC_scaffold_2	41400000	41500000
0987	HiC_scaffold_2	41500000	41600000
0988	HiC_scaffold_2	41600000	41700000
0989	HiC_scaffold_2	41700000	41800000
0990	HiC_scaffold_2	41800000	41900000
0991	HiC_scaffold_2	41900000	42000000
0992	HiC_scaffold_2	42000000	42100000
0993	HiC_scaffold_2	42100000	42200000
0994	HiC_scaffold_2	42200000	42300000
0995	HiC_scaffold_2	42300000	42400000
0996	HiC_scaffold_2	42400000	42500000
0997	HiC_scaffold_2	42500000	42600000
0998	HiC_scaffold_2	42600000	42700000
0999	HiC_scaffold_2	42700000	42800000
1000	HiC_scaffold_2	42800000	42900000
1001	HiC_scaffold_2	42900000	43000000
1002	HiC_scaffold_2	43000000	43100000
1003	HiC_scaffold_2	43100000	43200000
1004	HiC_scaffold_2	43200000	43300000
1005	HiC_scaffold_2	43300000	43400000
1006	HiC_scaffold_2	43400000	43500000
1007	HiC_scaffold_2	43500000	43600000
1008	HiC_scaffold_2	43600000	43700000
1009	HiC_scaffold_2	43700000	43800000
1010	HiC_scaffold_2	43800000	43900000
1011	HiC_scaffold_2	43900000	44000000
1012	HiC_scaffold_2	44000000	44100000
1013	HiC_scaffold_2	44100000	44200000
1014	HiC_scaffold_2	44200000	44300000
1015	HiC_scaffold_2	44300000	44400000
1016	HiC_scaffold_2	44400000	44500000
1017	HiC_scaffold_2	44500000	44600000
1018	HiC_scaffold_2	44600000	44700000
1019	HiC_scaffold_2	44700000	44800000
1020	HiC_scaffold_2	44800000	44900000
1021	HiC_scaffold_2	44900000	45000000
1022	HiC_scaffold_2	45000000	45100000
1023	HiC_scaffold_2	45100000	45200000
1024	HiC_scaffold_2	45200000	45300000
1025	HiC_scaffold_2	45300000	45400000
1026	HiC_scaffold_2	45400000	45500000
1027	HiC_scaffold_2	45500000	45600000
1028	HiC_scaffold_2	45600000	45700000
1029	HiC_scaffold_2	45700000	45800000
1030	HiC_scaffold_2	45800000	45900000
1031	HiC_scaffold_2	45900000	46000000
1032	HiC_scaffold_2	46000000	46100000
1033	HiC_scaffold_2	46100000	46200000
1034	HiC_scaffold_2	46200000	46300000
1035	HiC_scaffold_2	46300000	46400000
1036	HiC_scaffold_2	46400000	46500000
1037	HiC_scaffold_2	46500000	46600000
1038	HiC_scaffold_2	46600000	46700000
1039	HiC_scaffold_2	46700000	46800000
1040	HiC_scaffold_2	46800000	46900000
1041	HiC_scaffold_2	46900000	47000000
1042	HiC_scaffold_2	47000000	47100000
1043	HiC_scaffold_2	47100000	47200000
1044	HiC_scaffold_2	47200000	47300000
1045	HiC_scaffold_2	47300000	47400000
1046	HiC_scaffold_2	47400000	47500000
1047	HiC_scaffold_2	47500000	47600000
1048	HiC_scaffold_2	47600000	47700000
1049	HiC_scaffold_2	47700000	47800000
1050	HiC_scaffold_2	47800000	47900000
1051	HiC_scaffold_2	47900000	48000000
1052	HiC_scaffold_2	48000000	48100000
1053	HiC_scaffold_2	48100000	48200000
1054	HiC_scaffold_2	48200000	48300000
1055	HiC_scaffold_2	48300000	48400000
1056	HiC_scaffold_2	48400000	48500000
1057	HiC_scaffold_2	48500000	48600000
1058	HiC_scaffold_2	48600000	48700000
1059	HiC_scaffold_2	48700000	48800000
1060	HiC_scaffold_2	48800000	48900000
1061	HiC_scaffold_2	48900000	49000000
1062	HiC_scaffold_2	49000000	49100000
1063	HiC_scaffold_2	49100000	49200000
1064	HiC_scaffold_2	49200000	49300000
1065	HiC_scaffold_2	49300000	49400000
1066	HiC_scaffold_2	49400000	49500000
1067	HiC_scaffold_2	49500000	49600000
1068	HiC_scaffold_2	49600000	49700000
1069	HiC_scaffold_2	49700000	49800000
1070	HiC_scaffold_2	49800000	49900000
1071	HiC_scaffold_2	49900000	50000000
1072	HiC_scaffold_2	50000000	50100000
1073	HiC_scaffold_2	50100000	50200000
1074	HiC_scaffold_2	50200000	50300000
1075	HiC_scaffold_2	50300000	50400000
1076	HiC_scaffold_2	50400000	50500000
1077	HiC_scaffold_2	50500000	50600000
1078	HiC_scaffold_2	50600000	50700000
1079	HiC_scaffold_2	50700000	50800000
1080	HiC_scaffold_2	50800000	50900000
1081	HiC_scaffold_2	50900000	51000000
1082	HiC_scaffold_2	51000000	51100000
1083	HiC_scaffold_2	51100000	51200000
1084	HiC_scaffold_2	51200000	51245436
1085	HiC_scaffold_3	0	100000
1086	HiC_scaffold_3	100000	200000
1087	HiC_scaffold_3	200000	300000
1088	HiC_scaffold_3	300000	400000
1089	HiC_scaffold_3	400000	500000
1090	HiC_scaffold_3	500000	600000
1091	HiC_scaffold_3	600000	700000
1092	HiC_scaffold_3	700000	800000
1093	HiC_scaffold_3	800000	900000
1094	HiC_scaffold_3	900000	1000000
1095	HiC_scaffold_3	1000000	1100000
1096	HiC_scaffold_3	1100000	1200000
1097	HiC_scaffold_3	1200000	1300000
1098	HiC_scaffold_3	1300000	1400000
1099	HiC_scaffold_3	1400000	1500000
1100	HiC_scaffold_3	1500000	1600000
1101	HiC_scaffold_3	1600000	1700000
1102	HiC_scaffold_3	1700000	1800000
1103	HiC_scaffold_3	1800000	1900000
1104	HiC_scaffold_3	1900000	2000000
1105	HiC_scaffold_3	2000000	2100000
1106	HiC_scaffold_3	2100000	2200000
1107	HiC_scaffold_3	2200000	2300000
1108	HiC_scaffold_3	2300000	2400000
1109	HiC_scaffold_3	2400000	2500000
1110	HiC_scaffold_3	2500000	2600000
1111	HiC_scaffold_3	2600000	2700000
1112	HiC_scaffold_3	2700000	2800000
1113	HiC_scaffold_3	2800000	2900000
1114	HiC_scaffold_3	2900000	3000000
1115	HiC_scaffold_3	3000000	3100000
1116	HiC_scaffold_3	3100000	3200000
1117	HiC_scaffold_3	3200000	3300000
1118	HiC_scaffold_3	3300000	3400000
1119	HiC_scaffold_3	3400000	3500000
1120	HiC_scaffold_3	3500000	3600000
1121	HiC_scaffold_3	3600000	3700000
1122	HiC_scaffold_3	3700000	3800000
1123	HiC_scaffold_3	3800000	3900000
1124	HiC_scaffold_3	3900000	4000000
1125	HiC_scaffold_3	4000000	4100000
1126	HiC_scaffold_3	4100000	4200000
1127	HiC_scaffold_3	4200000	4300000
1128	HiC_scaffold_3	4300000	4400000
1129	HiC_scaffold_3	4400000	4500000
1130	HiC_scaffold_3	4500000	4600000
1131	HiC_scaffold_3	4600000	4700000
1132	HiC_scaffold_3	4700000	4800000
1133	HiC_scaffold_3	4800000	4900000
1134	HiC_scaffold_3	4900000	5000000
1135	HiC_scaffold_3	5000000	5100000
1136	HiC_scaffold_3	5100000	5200000
1137	HiC_scaffold_3	5200000	5300000
1138	HiC_scaffold_3	5300000	5400000
1139	HiC_scaffold_3	5400000	5500000
1140	HiC_scaffold_3	5500000	5600000
1141	HiC_scaffold_3	5600000	5700000
1142	HiC_scaffold_3	5700000	5800000
1143	HiC_scaffold_3	5800000	5900000
1144	HiC_scaffold_3	5900000	6000000
1145	HiC_scaffold_3	6000000	6100000
1146	HiC_scaffold_3	6100000	6200000
1147	HiC_scaffold_3	6200000	6300000
1148	HiC_scaffold_3	6300000	6400000
1149	HiC_scaffold_3	6400000	6500000
1150	HiC_scaffold_3	6500000	6600000
1151	HiC_scaffold_3	6600000	6700000
1152	HiC_scaffold_3	6700000	6800000
1153	HiC_scaffold_3	6800000	6900000
1154	HiC_scaffold_3	6900000	7000000
1155	HiC_scaffold_3	7000000	7100000
1156	HiC_scaffold_3	7100000	7200000
1157	HiC_scaffold_3	7200000	7300000
1158	HiC_scaffold_3	7300000	7400000
1159	HiC_scaffold_3	7400000	7500000
1160	HiC_scaffold_3	7500000	7600000
1161	HiC_scaffold_3	7600000	7700000
1162	HiC_scaffold_3	7700000	7800000
1163	HiC_scaffold_3	7800000	7900000
1164	HiC_scaffold_3	7900000	8000000
1165	HiC_scaffold_3	8000000	8100000
1166	HiC_scaffold_3	8100000	8200000
1167	HiC_scaffold_3	8200000	8300000
1168	HiC_scaffold_3	8300000	8400000
1169	HiC_scaffold_3	8400000	8500000
1170	HiC_scaffold_3	8500000	8600000
1171	HiC_scaffold_3	8600000	8700000
1172	HiC_scaffold_3	8700000	8800000
1173	HiC_scaffold_3	8800000	8900000
1174	HiC_scaffold_3	8900000	9000000
1175	HiC_scaffold_3	9000000	9100000
1176	HiC_scaffold_3	9100000	9200000
1177	HiC_scaffold_3	9200000	9300000
1178	HiC_scaffold_3	9300000	9400000
1179	HiC_scaffold_3	9400000	9500000
1180	HiC_scaffold_3	9500000	9600000
1181	HiC_scaffold_3	9600000	9700000
1182	HiC_scaffold_3	9700000	9800000
1183	HiC_scaffold_3	9800000	9900000
1184	HiC_scaffold_3	9900000	10000000
1185	HiC_scaffold_3	10000000	10100000
1186	HiC_scaffold_3	10100000	10200000
1187	HiC_scaffold_3	10200000	10300000
1188	HiC_scaffold_3	10300000	10400000
1189	HiC_scaffold_3	10400000	10500000
1190	HiC_scaffold_3	10500000	10600000
1191	HiC_scaffold_3	10600000	10700000
1192	HiC_scaffold_3	10700000	10800000
1193	HiC_scaffold_3	10800000	10900000
1194	HiC_scaffold_3	10900000	11000000
1195	HiC_scaffold_3	11000000	11100000
1196	HiC_scaffold_3	11100000	11200000
1197	HiC_scaffold_3	11200000	11300000
1198	HiC_scaffold_3	11300000	11400000
1199	HiC_scaffold_3	11400000	11500000
1200	HiC_scaffold_3	11500000	11600000
1201	HiC_scaffold_3	11600000	11700000
1202	HiC_scaffold_3	11700000	11800000
1203	HiC_scaffold_3	11800000	11900000
1204	HiC_scaffold_3	11900000	12000000
1205	HiC_scaffold_3	12000000	12100000
1206	HiC_scaffold_3	12100000	12200000
1207	HiC_scaffold_3	12200000	12300000
1208	HiC_scaffold_3	12300000	12400000
1209	HiC_scaffold_3	12400000	12500000
1210	HiC_scaffold_3	12500000	12600000
1211	HiC_scaffold_3	12600000	12700000
1212	HiC_scaffold_3	12700000	12800000
1213	HiC_scaffold_3	12800000	12900000
1214	HiC_scaffold_3	12900000	13000000
1215	HiC_scaffold_3	13000000	13100000
1216	HiC_scaffold_3	13100000	13200000
1217	HiC_scaffold_3	13200000	13300000
1218	HiC_scaffold_3	13300000	13400000
1219	HiC_scaffold_3	13400000	13500000
1220	HiC_scaffold_3	13500000	13600000
1221	HiC_scaffold_3	13600000	13700000
1222	HiC_scaffold_3	13700000	13800000
1223	HiC_scaffold_3	13800000	13900000
1224	HiC_scaffold_3	13900000	14000000
1225	HiC_scaffold_3	14000000	14100000
1226	HiC_scaffold_3	14100000	14200000
1227	HiC_scaffold_3	14200000	14300000
1228	HiC_scaffold_3	14300000	14400000
1229	HiC_scaffold_3	14400000	14500000
1230	HiC_scaffold_3	14500000	14600000
1231	HiC_scaffold_3	14600000	14700000
1232	HiC_scaffold_3	14700000	14800000
1233	HiC_scaffold_3	14800000	14900000
1234	HiC_scaffold_3	14900000	15000000
1235	HiC_scaffold_3	15000000	15100000
1236	HiC_scaffold_3	15100000	15200000
1237	HiC_scaffold_3	15200000	15300000
1238	HiC_scaffold_3	15300000	15400000
1239	HiC_scaffold_3	15400000	15500000
1240	HiC_scaffold_3	15500000	15600000
1241	HiC_scaffold_3	15600000	15700000
1242	HiC_scaffold_3	15700000	15800000
1243	HiC_scaffold_3	15800000	15900000
1244	HiC_scaffold_3	15900000	16000000
1245	HiC_scaffold_3	16000000	16100000
1246	HiC_scaffold_3	16100000	16200000
1247	HiC_scaffold_3	16200000	16300000
1248	HiC_scaffold_3	16300000	16400000
1249	HiC_scaffold_3	16400000	16500000
1250	HiC_scaffold_3	16500000	16600000
1251	HiC_scaffold_3	16600000	16700000
1252	HiC_scaffold_3	16700000	16800000
1253	HiC_scaffold_3	16800000	16900000
1254	HiC_scaffold_3	16900000	17000000
1255	HiC_scaffold_3	17000000	17100000
1256	HiC_scaffold_3	17100000	17200000
1257	HiC_scaffold_3	17200000	17300000
1258	HiC_scaffold_3	17300000	17400000
1259	HiC_scaffold_3	17400000	17500000
1260	HiC_scaffold_3	17500000	17600000
1261	HiC_scaffold_3	17600000	17700000
1262	HiC_scaffold_3	17700000	17800000
1263	HiC_scaffold_3	17800000	17900000
1264	HiC_scaffold_3	17900000	18000000
1265	HiC_scaffold_3	18000000	18100000
1266	HiC_scaffold_3	18100000	18200000
1267	HiC_scaffold_3	18200000	18300000
1268	HiC_scaffold_3	18300000	18400000
1269	HiC_scaffold_3	18400000	18500000
1270	HiC_scaffold_3	18500000	18600000
1271	HiC_scaffold_3	18600000	18700000
1272	HiC_scaffold_3	18700000	18800000
1273	HiC_scaffold_3	18800000	18900000
1274	HiC_scaffold_3	18900000	19000000
1275	HiC_scaffold_3	19000000	19100000
1276	HiC_scaffold_3	19100000	19200000
1277	HiC_scaffold_3	19200000	19300000
1278	HiC_scaffold_3	19300000	19400000
1279	HiC_scaffold_3	19400000	19500000
1280	HiC_scaffold_3	19500000	19600000
1281	HiC_scaffold_3	19600000	19700000
1282	HiC_scaffold_3	19700000	19800000
1283	HiC_scaffold_3	19800000	19900000
1284	HiC_scaffold_3	19900000	20000000
1285	HiC_scaffold_3	20000000	20100000
1286	HiC_scaffold_3	20100000	20200000
1287	HiC_scaffold_3	20200000	20300000
1288	HiC_scaffold_3	20300000	20400000
1289	HiC_scaffold_3	20400000	20500000
1290	HiC_scaffold_3	20500000	20600000
1291	HiC_scaffold_3	20600000	20700000
1292	HiC_scaffold_3	20700000	20800000
1293	HiC_scaffold_3	20800000	20900000
1294	HiC_scaffold_3	20900000	21000000
1295	HiC_scaffold_3	21000000	21100000
1296	HiC_scaffold_3	21100000	21200000
1297	HiC_scaffold_3	21200000	21300000
1298	HiC_scaffold_3	21300000	21400000
1299	HiC_scaffold_3	21400000	21500000
1300	HiC_scaffold_3	21500000	21600000
1301	HiC_scaffold_3	21600000	21700000
1302	HiC_scaffold_3	21700000	21800000
1303	HiC_scaffold_3	21800000	21900000
1304	HiC_scaffold_3	21900000	22000000
1305	HiC_scaffold_3	22000000	22100000
1306	HiC_scaffold_3	22100000	22200000
1307	HiC_scaffold_3	22200000	22300000
1308	HiC_scaffold_3	22300000	22400000
1309	HiC_scaffold_3	22400000	22500000
1310	HiC_scaffold_3	22500000	22600000
1311	HiC_scaffold_3	22600000	22700000
1312	HiC_scaffold_3	22700000	22800000
1313	HiC_scaffold_3	22800000	22900000
1314	HiC_scaffold_3	22900000	23000000
1315	HiC_scaffold_3	23000000	23100000
1316	HiC_scaffold_3	23100000	23200000
1317	HiC_scaffold_3	23200000	23300000
1318	HiC_scaffold_3	23300000	23400000
1319	HiC_scaffold_3	23400000	23500000
1320	HiC_scaffold_3	23500000	23600000
1321	HiC_scaffold_3	23600000	23700000
1322	HiC_scaffold_3	23700000	23800000
1323	HiC_scaffold_3	23800000	23900000
1324	HiC_scaffold_3	23900000	24000000
1325	HiC_scaffold_3	24000000	24100000
1326	HiC_scaffold_3	24100000	24200000
1327	HiC_scaffold_3	24200000	24300000
1328	HiC_scaffold_3	24300000	24400000
1329	HiC_scaffold_3	24400000	24500000
1330	HiC_scaffold_3	24500000	24600000
1331	HiC_scaffold_3	24600000	24700000
1332	HiC_scaffold_3	24700000	24800000
1333	HiC_scaffold_3	24800000	24900000
1334	HiC_scaffold_3	24900000	25000000
1335	HiC_scaffold_3	25000000	25100000
1336	HiC_scaffold_3	25100000	25200000
1337	HiC_scaffold_3	25200000	25300000
1338	HiC_scaffold_3	25300000	25400000
1339	HiC_scaffold_3	25400000	25500000
1340	HiC_scaffold_3	25500000	25600000
1341	HiC_scaffold_3	25600000	25700000
1342	HiC_scaffold_3	25700000	25800000
1343	HiC_scaffold_3	25800000	25900000
1344	HiC_scaffold_3	25900000	26000000
1345	HiC_scaffold_3	26000000	26100000
1346	HiC_scaffold_3	26100000	26200000
1347	HiC_scaffold_3	26200000	26300000
1348	HiC_scaffold_3	26300000	26400000
1349	HiC_scaffold_3	26400000	26500000
1350	HiC_scaffold_3	26500000	26600000
1351	HiC_scaffold_3	26600000	26700000
1352	HiC_scaffold_3	26700000	26800000
1353	HiC_scaffold_3	26800000	26900000
1354	HiC_scaffold_3	26900000	27000000
1355	HiC_scaffold_3	27000000	27100000
1356	HiC_scaffold_3	27100000	27200000
1357	HiC_scaffold_3	27200000	27300000
1358	HiC_scaffold_3	27300000	27400000
1359	HiC_scaffold_3	27400000	27500000
1360	HiC_scaffold_3	27500000	27600000
1361	HiC_scaffold_3	27600000	27700000
1362	HiC_scaffold_3	27700000	27800000
1363	HiC_scaffold_3	27800000	27900000
1364	HiC_scaffold_3	27900000	28000000
1365	HiC_scaffold_3	28000000	28100000
1366	HiC_scaffold_3	28100000	28200000
1367	HiC_scaffold_3	28200000	28300000
1368	HiC_scaffold_3	28300000	28400000
1369	HiC_scaffold_3	28400000	28500000
1370	HiC_scaffold_3	28500000	28600000
1371	HiC_scaffold_3	28600000	28700000
1372	HiC_scaffold_3	28700000	28800000
1373	HiC_scaffold_3	28800000	28900000
1374	HiC_scaffold_3	28900000	29000000
1375	HiC_scaffold_3	29000000	29100000
1376	HiC_scaffold_3	29100000	29200000
1377	HiC_scaffold_3	29200000	29300000
1378	HiC_scaffold_3	29300000	29400000
1379	HiC_scaffold_3	29400000	29500000
1380	HiC_scaffold_3	29500000	29600000
1381	HiC_scaffold_3	29600000	29700000
1382	HiC_scaffold_3	29700000	29800000
1383	HiC_scaffold_3	29800000	29900000
1384	HiC_scaffold_3	29900000	30000000
1385	HiC_scaffold_3	30000000	30100000
1386	HiC_scaffold_3	30100000	30200000
1387	HiC_scaffold_3	30200000	30300000
1388	HiC_scaffold_3	30300000	30400000
1389	HiC_scaffold_3	30400000	30500000
1390	HiC_scaffold_3	30500000	30600000
1391	HiC_scaffold_3	30600000	30700000
1392	HiC_scaffold_3	30700000	30800000
1393	HiC_scaffold_3	30800000	30900000
1394	HiC_scaffold_3	30900000	31000000
1395	HiC_scaffold_3	31000000	31100000
1396	HiC_scaffold_3	31100000	31200000
1397	HiC_scaffold_3	31200000	31300000
1398	HiC_scaffold_3	31300000	31400000
1399	HiC_scaffold_3	31400000	31500000
1400	HiC_scaffold_3	31500000	31600000
1401	HiC_scaffold_3	31600000	31700000
1402	HiC_scaffold_3	31700000	31800000
1403	HiC_scaffold_3	31800000	31900000
1404	HiC_scaffold_3	31900000	32000000
1405	HiC_scaffold_3	32000000	32100000
1406	HiC_scaffold_3	32100000	32200000
1407	HiC_scaffold_3	32200000	32300000
1408	HiC_scaffold_3	32300000	32400000
1409	HiC_scaffold_3	32400000	32500000
1410	HiC_scaffold_3	32500000	32600000
1411	HiC_scaffold_3	32600000	32700000
1412	HiC_scaffold_3	32700000	32800000
1413	HiC_scaffold_3	32800000	32900000
1414	HiC_scaffold_3	32900000	33000000
1415	HiC_scaffold_3	33000000	33100000
1416	HiC_scaffold_3	33100000	33200000
1417	HiC_scaffold_3	33200000	33300000
1418	HiC_scaffold_3	33300000	33400000
1419	HiC_scaffold_3	33400000	33500000
1420	HiC_scaffold_3	33500000	33600000
1421	HiC_scaffold_3	33600000	33700000
1422	HiC_scaffold_3	33700000	33800000
1423	HiC_scaffold_3	33800000	33900000
1424	HiC_scaffold_3	33900000	34000000
1425	HiC_scaffold_3	34000000	34100000
1426	HiC_scaffold_3	34100000	34200000
1427	HiC_scaffold_3	34200000	34300000
1428	HiC_scaffold_3	34300000	34400000
1429	HiC_scaffold_3	34400000	34500000
1430	HiC_scaffold_3	34500000	34600000
1431	HiC_scaffold_3	34600000	34700000
1432	HiC_scaffold_3	34700000	34800000
1433	HiC_scaffold_3	34800000	34900000
1434	HiC_scaffold_3	34900000	35000000
1435	HiC_scaffold_3	35000000	35100000
1436	HiC_scaffold_3	35100000	35200000
1437	HiC_scaffold_3	35200000	35300000
1438	HiC_scaffold_3	35300000	35400000
1439	HiC_scaffold_3	35400000	35500000
1440	HiC_scaffold_3	35500000	35600000
1441	HiC_scaffold_3	35600000	35700000
1442	HiC_scaffold_3	35700000	35800000
1443	HiC_scaffold_3	35800000	35900000
1444	HiC_scaffold_3	35900000	36000000
1445	HiC_scaffold_3	36000000	36100000
1446	HiC_scaffold_3	36100000	36200000
1447	HiC_scaffold_3	36200000	36300000
1448	HiC_scaffold_3	36300000	36400000
1449	HiC_scaffold_3	36400000	36500000
1450	HiC_scaffold_3	36500000	36600000
1451	HiC_scaffold_3	36600000	36700000
1452	HiC_scaffold_3	36700000	36800000
1453	HiC_scaffold_3	36800000	36900000
1454	HiC_scaffold_3	36900000	37000000
1455	HiC_scaffold_3	37000000	37100000
1456	HiC_scaffold_3	37100000	37200000
1457	HiC_scaffold_3	37200000	37300000
1458	HiC_scaffold_3	37300000	37400000
1459	HiC_scaffold_3	37400000	37500000
1460	HiC_scaffold_3	37500000	37600000
1461	HiC_scaffold_3	37600000	37700000
1462	HiC_scaffold_3	37700000	37800000
1463	HiC_scaffold_3	37800000	37900000
1464	HiC_scaffold_3	37900000	38000000
1465	HiC_scaffold_3	38000000	38100000
1466	HiC_scaffold_3	38100000	38200000
1467	HiC_scaffold_3	38200000	38282396
1468	HiC_scaffold_4	0	100000
1469	HiC_scaffold_4	100000	200000
1470	HiC_scaffold_4	200000	300000
1471	HiC_scaffold_4	300000	400000
1472	HiC_scaffold_4	400000	500000
1473	HiC_scaffold_4	500000	600000
1474	HiC_scaffold_4	600000	700000
1475	HiC_scaffold_4	700000	800000
1476	HiC_scaffold_4	800000	900000
1477	HiC_scaffold_4	900000	1000000
1478	HiC_scaffold_4	1000000	1100000
1479	HiC_scaffold_4	1100000	1200000
1480	HiC_scaffold_4	1200000	1300000
1481	HiC_scaffold_4	1300000	1400000
1482	HiC_scaffold_4	1400000	1500000
1483	HiC_scaffold_4	1500000	1600000
1484	HiC_scaffold_4	1600000	1700000
1485	HiC_scaffold_4	1700000	1800000
1486	HiC_scaffold_4	1800000	1900000
1487	HiC_scaffold_4	1900000	2000000
1488	HiC_scaffold_4	2000000	2100000
1489	HiC_scaffold_4	2100000	2200000
1490	HiC_scaffold_4	2200000	2300000
1491	HiC_scaffold_4	2300000	2400000
1492	HiC_scaffold_4	2400000	2500000
1493	HiC_scaffold_4	2500000	2600000
1494	HiC_scaffold_4	2600000	2700000
1495	HiC_scaffold_4	2700000	2800000
1496	HiC_scaffold_4	2800000	2900000
1497	HiC_scaffold_4	2900000	3000000
1498	HiC_scaffold_4	3000000	3100000
1499	HiC_scaffold_4	3100000	3200000
1500	HiC_scaffold_4	3200000	3300000
1501	HiC_scaffold_4	3300000	3400000
1502	HiC_scaffold_4	3400000	3500000
1503	HiC_scaffold_4	3500000	3600000
1504	HiC_scaffold_4	3600000	3700000
1505	HiC_scaffold_4	3700000	3800000
1506	HiC_scaffold_4	3800000	3900000
1507	HiC_scaffold_4	3900000	4000000
1508	HiC_scaffold_4	4000000	4100000
1509	HiC_scaffold_4	4100000	4200000
1510	HiC_scaffold_4	4200000	4300000
1511	HiC_scaffold_4	4300000	4400000
1512	HiC_scaffold_4	4400000	4500000
1513	HiC_scaffold_4	4500000	4600000
1514	HiC_scaffold_4	4600000	4700000
1515	HiC_scaffold_4	4700000	4800000
1516	HiC_scaffold_4	4800000	4900000
1517	HiC_scaffold_4	4900000	5000000
1518	HiC_scaffold_4	5000000	5100000
1519	HiC_scaffold_4	5100000	5200000
1520	HiC_scaffold_4	5200000	5300000
1521	HiC_scaffold_4	5300000	5400000
1522	HiC_scaffold_4	5400000	5500000
1523	HiC_scaffold_4	5500000	5600000
1524	HiC_scaffold_4	5600000	5700000
1525	HiC_scaffold_4	5700000	5800000
1526	HiC_scaffold_4	5800000	5900000
1527	HiC_scaffold_4	5900000	6000000
1528	HiC_scaffold_4	6000000	6100000
1529	HiC_scaffold_4	6100000	6200000
1530	HiC_scaffold_4	6200000	6300000
1531	HiC_scaffold_4	6300000	6400000
1532	HiC_scaffold_4	6400000	6500000
1533	HiC_scaffold_4	6500000	6600000
1534	HiC_scaffold_4	6600000	6700000
1535	HiC_scaffold_4	6700000	6800000
1536	HiC_scaffold_4	6800000	6900000
1537	HiC_scaffold_4	6900000	7000000
1538	HiC_scaffold_4	7000000	7100000
1539	HiC_scaffold_4	7100000	7200000
1540	HiC_scaffold_4	7200000	7300000
1541	HiC_scaffold_4	7300000	7400000
1542	HiC_scaffold_4	7400000	7500000
1543	HiC_scaffold_4	7500000	7600000
1544	HiC_scaffold_4	7600000	7700000
1545	HiC_scaffold_4	7700000	7800000
1546	HiC_scaffold_4	7800000	7900000
1547	HiC_scaffold_4	7900000	8000000
1548	HiC_scaffold_4	8000000	8100000
1549	HiC_scaffold_4	8100000	8200000
1550	HiC_scaffold_4	8200000	8300000
1551	HiC_scaffold_4	8300000	8400000
1552	HiC_scaffold_4	8400000	8500000
1553	HiC_scaffold_4	8500000	8600000
1554	HiC_scaffold_4	8600000	8700000
1555	HiC_scaffold_4	8700000	8800000
1556	HiC_scaffold_4	8800000	8900000
1557	HiC_scaffold_4	8900000	9000000
1558	HiC_scaffold_4	9000000	9100000
1559	HiC_scaffold_4	9100000	9200000
1560	HiC_scaffold_4	9200000	9300000
1561	HiC_scaffold_4	9300000	9400000
1562	HiC_scaffold_4	9400000	9500000
1563	HiC_scaffold_4	9500000	9600000
1564	HiC_scaffold_4	9600000	9700000
1565	HiC_scaffold_4	9700000	9800000
1566	HiC_scaffold_4	9800000	9900000
1567	HiC_scaffold_4	9900000	10000000
1568	HiC_scaffold_4	10000000	10100000
1569	HiC_scaffold_4	10100000	10200000
1570	HiC_scaffold_4	10200000	10300000
1571	HiC_scaffold_4	10300000	10400000
1572	HiC_scaffold_4	10400000	10500000
1573	HiC_scaffold_4	10500000	10600000
1574	HiC_scaffold_4	10600000	10700000
1575	HiC_scaffold_4	10700000	10800000
1576	HiC_scaffold_4	10800000	10900000
1577	HiC_scaffold_4	10900000	11000000
1578	HiC_scaffold_4	11000000	11100000
1579	HiC_scaffold_4	11100000	11200000
1580	HiC_scaffold_4	11200000	11300000
1581	HiC_scaffold_4	11300000	11400000
1582	HiC_scaffold_4	11400000	11500000
1583	HiC_scaffold_4	11500000	11600000
1584	HiC_scaffold_4	11600000	11700000
1585	HiC_scaffold_4	11700000	11800000
1586	HiC_scaffold_4	11800000	11900000
1587	HiC_scaffold_4	11900000	12000000
1588	HiC_scaffold_4	12000000	12100000
1589	HiC_scaffold_4	12100000	12200000
1590	HiC_scaffold_4	12200000	12300000
1591	HiC_scaffold_4	12300000	12400000
1592	HiC_scaffold_4	12400000	12500000
1593	HiC_scaffold_4	12500000	12600000
1594	HiC_scaffold_4	12600000	12700000
1595	HiC_scaffold_4	12700000	12800000
1596	HiC_scaffold_4	12800000	12900000
1597	HiC_scaffold_4	12900000	13000000
1598	HiC_scaffold_4	13000000	13100000
1599	HiC_scaffold_4	13100000	13200000
1600	HiC_scaffold_4	13200000	13300000
1601	HiC_scaffold_4	13300000	13400000
1602	HiC_scaffold_4	13400000	13500000
1603	HiC_scaffold_4	13500000	13600000
1604	HiC_scaffold_4	13600000	13700000
1605	HiC_scaffold_4	13700000	13800000
1606	HiC_scaffold_4	13800000	13900000
1607	HiC_scaffold_4	13900000	14000000
1608	HiC_scaffold_4	14000000	14100000
1609	HiC_scaffold_4	14100000	14200000
1610	HiC_scaffold_4	14200000	14300000
1611	HiC_scaffold_4	14300000	14400000
1612	HiC_scaffold_4	14400000	14500000
1613	HiC_scaffold_4	14500000	14600000
1614	HiC_scaffold_4	14600000	14700000
1615	HiC_scaffold_4	14700000	14800000
1616	HiC_scaffold_4	14800000	14900000
1617	HiC_scaffold_4	14900000	15000000
1618	HiC_scaffold_4	15000000	15100000
1619	HiC_scaffold_4	15100000	15200000
1620	HiC_scaffold_4	15200000	15300000
1621	HiC_scaffold_4	15300000	15400000
1622	HiC_scaffold_4	15400000	15500000
1623	HiC_scaffold_4	15500000	15600000
1624	HiC_scaffold_4	15600000	15700000
1625	HiC_scaffold_4	15700000	15800000
1626	HiC_scaffold_4	15800000	15900000
1627	HiC_scaffold_4	15900000	16000000
1628	HiC_scaffold_4	16000000	16100000
1629	HiC_scaffold_4	16100000	16200000
1630	HiC_scaffold_4	16200000	16300000
1631	HiC_scaffold_4	16300000	16400000
1632	HiC_scaffold_4	16400000	16500000
1633	HiC_scaffold_4	16500000	16600000
1634	HiC_scaffold_4	16600000	16700000
1635	HiC_scaffold_4	16700000	16800000
1636	HiC_scaffold_4	16800000	16900000
1637	HiC_scaffold_4	16900000	17000000
1638	HiC_scaffold_4	17000000	17100000
1639	HiC_scaffold_4	17100000	17200000
1640	HiC_scaffold_4	17200000	17300000
1641	HiC_scaffold_4	17300000	17400000
1642	HiC_scaffold_4	17400000	17500000
1643	HiC_scaffold_4	17500000	17600000
1644	HiC_scaffold_4	17600000	17700000
1645	HiC_scaffold_4	17700000	17800000
1646	HiC_scaffold_4	17800000	17900000
1647	HiC_scaffold_4	17900000	18000000
1648	HiC_scaffold_4	18000000	18100000
1649	HiC_scaffold_4	18100000	18200000
1650	HiC_scaffold_4	18200000	18300000
1651	HiC_scaffold_4	18300000	18400000
1652	HiC_scaffold_4	18400000	18500000
1653	HiC_scaffold_4	18500000	18600000
1654	HiC_scaffold_4	18600000	18700000
1655	HiC_scaffold_4	18700000	18800000
1656	HiC_scaffold_4	18800000	18900000
1657	HiC_scaffold_4	18900000	19000000
1658	HiC_scaffold_4	19000000	19100000
1659	HiC_scaffold_4	19100000	19200000
1660	HiC_scaffold_4	19200000	19300000
1661	HiC_scaffold_4	19300000	19400000
1662	HiC_scaffold_4	19400000	19500000
1663	HiC_scaffold_4	19500000	19600000
1664	HiC_scaffold_4	19600000	19700000
1665	HiC_scaffold_4	19700000	19800000
1666	HiC_scaffold_4	19800000	19900000
1667	HiC_scaffold_4	19900000	20000000
1668	HiC_scaffold_4	20000000	20100000
1669	HiC_scaffold_4	20100000	20200000
1670	HiC_scaffold_4	20200000	20300000
1671	HiC_scaffold_4	20300000	20400000
1672	HiC_scaffold_4	20400000	20500000
1673	HiC_scaffold_4	20500000	20600000
1674	HiC_scaffold_4	20600000	20700000
1675	HiC_scaffold_4	20700000	20800000
1676	HiC_scaffold_4	20800000	20900000
1677	HiC_scaffold_4	20900000	21000000
1678	HiC_scaffold_4	21000000	21100000
1679	HiC_scaffold_4	21100000	21200000
1680	HiC_scaffold_4	21200000	21300000
1681	HiC_scaffold_4	21300000	21400000
1682	HiC_scaffold_4	21400000	21500000
1683	HiC_scaffold_4	21500000	21600000
1684	HiC_scaffold_4	21600000	21700000
1685	HiC_scaffold_4	21700000	21800000
1686	HiC_scaffold_4	21800000	21900000
1687	HiC_scaffold_4	21900000	22000000
1688	HiC_scaffold_4	22000000	22100000
1689	HiC_scaffold_4	22100000	22200000
1690	HiC_scaffold_4	22200000	22300000
1691	HiC_scaffold_4	22300000	22400000
1692	HiC_scaffold_4	22400000	22500000
1693	HiC_scaffold_4	22500000	22600000
1694	HiC_scaffold_4	22600000	22700000
1695	HiC_scaffold_4	22700000	22800000
1696	HiC_scaffold_4	22800000	22900000
1697	HiC_scaffold_4	22900000	23000000
1698	HiC_scaffold_4	23000000	23100000
1699	HiC_scaffold_4	23100000	23200000
1700	HiC_scaffold_4	23200000	23300000
1701	HiC_scaffold_4	23300000	23400000
1702	HiC_scaffold_4	23400000	23500000
1703	HiC_scaffold_4	23500000	23600000
1704	HiC_scaffold_4	23600000	23700000
1705	HiC_scaffold_4	23700000	23800000
1706	HiC_scaffold_4	23800000	23900000
1707	HiC_scaffold_4	23900000	24000000
1708	HiC_scaffold_4	24000000	24100000
1709	HiC_scaffold_4	24100000	24200000
1710	HiC_scaffold_4	24200000	24300000
1711	HiC_scaffold_4	24300000	24400000
1712	HiC_scaffold_4	24400000	24500000
1713	HiC_scaffold_4	24500000	24600000
1714	HiC_scaffold_4	24600000	24700000
1715	HiC_scaffold_4	24700000	24800000
1716	HiC_scaffold_4	24800000	24900000
1717	HiC_scaffold_4	24900000	25000000
1718	HiC_scaffold_4	25000000	25100000
1719	HiC_scaffold_4	25100000	25200000
1720	HiC_scaffold_4	25200000	25300000
1721	HiC_scaffold_4	25300000	25400000
1722	HiC_scaffold_4	25400000	25500000
1723	HiC_scaffold_4	25500000	25600000
1724	HiC_scaffold_4	25600000	25700000
1725	HiC_scaffold_4	25700000	25800000
1726	HiC_scaffold_4	25800000	25900000
1727	HiC_scaffold_4	25900000	26000000
1728	HiC_scaffold_4	26000000	26100000
1729	HiC_scaffold_4	26100000	26200000
1730	HiC_scaffold_4	26200000	26300000
1731	HiC_scaffold_4	26300000	26400000
1732	HiC_scaffold_4	26400000	26500000
1733	HiC_scaffold_4	26500000	26600000
1734	HiC_scaffold_4	26600000	26700000
1735	HiC_scaffold_4	26700000	26800000
1736	HiC_scaffold_4	26800000	26900000
1737	HiC_scaffold_4	26900000	27000000
1738	HiC_scaffold_4	27000000	27100000
1739	HiC_scaffold_4	27100000	27200000
1740	HiC_scaffold_4	27200000	27300000
1741	HiC_scaffold_4	27300000	27400000
1742	HiC_scaffold_4	27400000	27500000
1743	HiC_scaffold_4	27500000	27600000
1744	HiC_scaffold_4	27600000	27700000
1745	HiC_scaffold_4	27700000	27800000
1746	HiC_scaffold_4	27800000	27900000
1747	HiC_scaffold_4	27900000	28000000
1748	HiC_scaffold_4	28000000	28100000
1749	HiC_scaffold_4	28100000	28200000
1750	HiC_scaffold_4	28200000	28300000
1751	HiC_scaffold_4	28300000	28400000
1752	HiC_scaffold_4	28400000	28500000
1753	HiC_scaffold_4	28500000	28600000
1754	HiC_scaffold_4	28600000	28700000
1755	HiC_scaffold_4	28700000	28800000
1756	HiC_scaffold_4	28800000	28900000
1757	HiC_scaffold_4	28900000	29000000
1758	HiC_scaffold_4	29000000	29100000
1759	HiC_scaffold_4	29100000	29200000
1760	HiC_scaffold_4	29200000	29300000
1761	HiC_scaffold_4	29300000	29400000
1762	HiC_scaffold_4	29400000	29500000
1763	HiC_scaffold_4	29500000	29600000
1764	HiC_scaffold_4	29600000	29700000
1765	HiC_scaffold_4	29700000	29800000
1766	HiC_scaffold_4	29800000	29900000
1767	HiC_scaffold_4	29900000	30000000
1768	HiC_scaffold_4	30000000	30100000
1769	HiC_scaffold_4	30100000	30200000
1770	HiC_scaffold_4	30200000	30300000
1771	HiC_scaffold_4	30300000	30400000
1772	HiC_scaffold_4	30400000	30500000
1773	HiC_scaffold_4	30500000	30600000
1774	HiC_scaffold_4	30600000	30700000
1775	HiC_scaffold_4	30700000	30800000
1776	HiC_scaffold_4	30800000	30900000
1777	HiC_scaffold_4	30900000	31000000
1778	HiC_scaffold_4	31000000	31093586
1779	HiC_scaffold_5	0	100000
1780	HiC_scaffold_5	100000	200000
1781	HiC_scaffold_5	200000	300000
1782	HiC_scaffold_5	300000	400000
1783	HiC_scaffold_5	400000	500000
1784	HiC_scaffold_5	500000	600000
1785	HiC_scaffold_5	600000	700000
1786	HiC_scaffold_5	700000	800000
1787	HiC_scaffold_5	800000	900000
1788	HiC_scaffold_5	900000	1000000
1789	HiC_scaffold_5	1000000	1100000
1790	HiC_scaffold_5	1100000	1200000
1791	HiC_scaffold_5	1200000	1300000
1792	HiC_scaffold_5	1300000	1400000
1793	HiC_scaffold_5	1400000	1500000
1794	HiC_scaffold_5	1500000	1600000
1795	HiC_scaffold_5	1600000	1700000
1796	HiC_scaffold_5	1700000	1800000
1797	HiC_scaffold_5	1800000	1900000
1798	HiC_scaffold_5	1900000	2000000
1799	HiC_scaffold_5	2000000	2100000
1800	HiC_scaffold_5	2100000	2200000
1801	HiC_scaffold_5	2200000	2300000
1802	HiC_scaffold_5	2300000	2400000
1803	HiC_scaffold_5	2400000	2500000
1804	HiC_scaffold_5	2500000	2600000
1805	HiC_scaffold_5	2600000	2700000
1806	HiC_scaffold_5	2700000	2800000
1807	HiC_scaffold_5	2800000	2900000
1808	HiC_scaffold_5	2900000	3000000
1809	HiC_scaffold_5	3000000	3100000
1810	HiC_scaffold_5	3100000	3200000
1811	HiC_scaffold_5	3200000	3300000
1812	HiC_scaffold_5	3300000	3400000
1813	HiC_scaffold_5	3400000	3500000
1814	HiC_scaffold_5	3500000	3600000
1815	HiC_scaffold_5	3600000	3700000
1816	HiC_scaffold_5	3700000	3800000
1817	HiC_scaffold_5	3800000	3900000
1818	HiC_scaffold_5	3900000	4000000
1819	HiC_scaffold_5	4000000	4100000
1820	HiC_scaffold_5	4100000	4200000
1821	HiC_scaffold_5	4200000	4300000
1822	HiC_scaffold_5	4300000	4400000
1823	HiC_scaffold_5	4400000	4500000
1824	HiC_scaffold_5	4500000	4600000
1825	HiC_scaffold_5	4600000	4700000
1826	HiC_scaffold_5	4700000	4800000
1827	HiC_scaffold_5	4800000	4900000
1828	HiC_scaffold_5	4900000	5000000
1829	HiC_scaffold_5	5000000	5100000
1830	HiC_scaffold_5	5100000	5200000
1831	HiC_scaffold_5	5200000	5300000
1832	HiC_scaffold_5	5300000	5400000
1833	HiC_scaffold_5	5400000	5500000
1834	HiC_scaffold_5	5500000	5600000
1835	HiC_scaffold_5	5600000	5700000
1836	HiC_scaffold_5	5700000	5800000
1837	HiC_scaffold_5	5800000	5900000
1838	HiC_scaffold_5	5900000	6000000
1839	HiC_scaffold_5	6000000	6100000
1840	HiC_scaffold_5	6100000	6200000
1841	HiC_scaffold_5	6200000	6300000
1842	HiC_scaffold_5	6300000	6400000
1843	HiC_scaffold_5	6400000	6500000
1844	HiC_scaffold_5	6500000	6600000
1845	HiC_scaffold_5	6600000	6700000
1846	HiC_scaffold_5	6700000	6800000
1847	HiC_scaffold_5	6800000	6900000
1848	HiC_scaffold_5	6900000	7000000
1849	HiC_scaffold_5	7000000	7100000
1850	HiC_scaffold_5	7100000	7200000
1851	HiC_scaffold_5	7200000	7300000
1852	HiC_scaffold_5	7300000	7400000
1853	HiC_scaffold_5	7400000	7500000
1854	HiC_scaffold_5	7500000	7600000
1855	HiC_scaffold_5	7600000	7700000
1856	HiC_scaffold_5	7700000	7800000
1857	HiC_scaffold_5	7800000	7900000
1858	HiC_scaffold_5	7900000	8000000
1859	HiC_scaffold_5	8000000	8100000
1860	HiC_scaffold_5	8100000	8200000
1861	HiC_scaffold_5	8200000	8300000
1862	HiC_scaffold_5	8300000	8400000
1863	HiC_scaffold_5	8400000	8500000
1864	HiC_scaffold_5	8500000	8600000
1865	HiC_scaffold_5	8600000	8700000
1866	HiC_scaffold_5	8700000	8800000
1867	HiC_scaffold_5	8800000	8900000
1868	HiC_scaffold_5	8900000	9000000
1869	HiC_scaffold_5	9000000	9100000
1870	HiC_scaffold_5	9100000	9200000
1871	HiC_scaffold_5	9200000	9300000
1872	HiC_scaffold_5	9300000	9400000
1873	HiC_scaffold_5	9400000	9500000
1874	HiC_scaffold_5	9500000	9600000
1875	HiC_scaffold_5	9600000	9700000
1876	HiC_scaffold_5	9700000	9800000
1877	HiC_scaffold_5	9800000	9900000
1878	HiC_scaffold_5	9900000	10000000
1879	HiC_scaffold_5	10000000	10100000
1880	HiC_scaffold_5	10100000	10200000
1881	HiC_scaffold_5	10200000	10300000
1882	HiC_scaffold_5	10300000	10400000
1883	HiC_scaffold_5	10400000	10500000
1884	HiC_scaffold_5	10500000	10600000
1885	HiC_scaffold_5	10600000	10700000
1886	HiC_scaffold_5	10700000	10800000
1887	HiC_scaffold_5	10800000	10900000
1888	HiC_scaffold_5	10900000	11000000
1889	HiC_scaffold_5	11000000	11100000
1890	HiC_scaffold_5	11100000	11200000
1891	HiC_scaffold_5	11200000	11300000
1892	HiC_scaffold_5	11300000	11400000
1893	HiC_scaffold_5	11400000	11500000
1894	HiC_scaffold_5	11500000	11600000
1895	HiC_scaffold_5	11600000	11700000
1896	HiC_scaffold_5	11700000	11800000
1897	HiC_scaffold_5	11800000	11900000
1898	HiC_scaffold_5	11900000	12000000
1899	HiC_scaffold_5	12000000	12100000
1900	HiC_scaffold_5	12100000	12200000
1901	HiC_scaffold_5	12200000	12300000
1902	HiC_scaffold_5	12300000	12400000
1903	HiC_scaffold_5	12400000	12500000
1904	HiC_scaffold_5	12500000	12600000
1905	HiC_scaffold_5	12600000	12700000
1906	HiC_scaffold_5	12700000	12800000
1907	HiC_scaffold_5	12800000	12900000
1908	HiC_scaffold_5	12900000	13000000
1909	HiC_scaffold_5	13000000	13100000
1910	HiC_scaffold_5	13100000	13200000
1911	HiC_scaffold_5	13200000	13300000
1912	HiC_scaffold_5	13300000	13400000
1913	HiC_scaffold_5	13400000	13500000
1914	HiC_scaffold_5	13500000	13600000
1915	HiC_scaffold_5	13600000	13700000
1916	HiC_scaffold_5	13700000	13800000
1917	HiC_scaffold_5	13800000	13900000
1918	HiC_scaffold_5	13900000	14000000
1919	HiC_scaffold_5	14000000	14100000
1920	HiC_scaffold_5	14100000	14200000
1921	HiC_scaffold_5	14200000	14300000
1922	HiC_scaffold_5	14300000	14400000
1923	HiC_scaffold_5	14400000	14500000
1924	HiC_scaffold_5	14500000	14600000
1925	HiC_scaffold_5	14600000	14700000
1926	HiC_scaffold_5	14700000	14800000
1927	HiC_scaffold_5	14800000	14900000
1928	HiC_scaffold_5	14900000	15000000
1929	HiC_scaffold_5	15000000	15100000
1930	HiC_scaffold_5	15100000	15200000
1931	HiC_scaffold_5	15200000	15300000
1932	HiC_scaffold_5	15300000	15400000
1933	HiC_scaffold_5	15400000	15500000
1934	HiC_scaffold_5	15500000	15600000
1935	HiC_scaffold_5	15600000	15700000
1936	HiC_scaffold_5	15700000	15800000
1937	HiC_scaffold_5	15800000	15900000
1938	HiC_scaffold_5	15900000	16000000
1939	HiC_scaffold_5	16000000	16100000
1940	HiC_scaffold_5	16100000	16200000
1941	HiC_scaffold_5	16200000	16300000
1942	HiC_scaffold_5	16300000	16400000
1943	HiC_scaffold_5	16400000	16500000
1944	HiC_scaffold_5	16500000	16600000
1945	HiC_scaffold_5	16600000	16700000
1946	HiC_scaffold_5	16700000	16800000
1947	HiC_scaffold_5	16800000	16900000
1948	HiC_scaffold_5	16900000	17000000
1949	HiC_scaffold_5	17000000	17100000
1950	HiC_scaffold_5	17100000	17200000
1951	HiC_scaffold_5	17200000	17300000
1952	HiC_scaffold_5	17300000	17400000
1953	HiC_scaffold_5	17400000	17500000
1954	HiC_scaffold_5	17500000	17600000
1955	HiC_scaffold_5	17600000	17700000
1956	HiC_scaffold_5	17700000	17800000
1957	HiC_scaffold_5	17800000	17900000
1958	HiC_scaffold_5	17900000	18000000
1959	HiC_scaffold_5	18000000	18100000
1960	HiC_scaffold_5	18100000	18200000
1961	HiC_scaffold_5	18200000	18300000
1962	HiC_scaffold_5	18300000	18400000
1963	HiC_scaffold_5	18400000	18500000
1964	HiC_scaffold_5	18500000	18600000
1965	HiC_scaffold_5	18600000	18700000
1966	HiC_scaffold_5	18700000	18800000
1967	HiC_scaffold_5	18800000	18900000
1968	HiC_scaffold_5	18900000	19000000
1969	HiC_scaffold_5	19000000	19100000
1970	HiC_scaffold_5	19100000	19200000
1971	HiC_scaffold_5	19200000	19300000
1972	HiC_scaffold_5	19300000	19400000
1973	HiC_scaffold_5	19400000	19500000
1974	HiC_scaffold_5	19500000	19600000
1975	HiC_scaffold_5	19600000	19700000
1976	HiC_scaffold_5	19700000	19800000
1977	HiC_scaffold_5	19800000	19900000
1978	HiC_scaffold_5	19900000	20000000
1979	HiC_scaffold_5	20000000	20100000
1980	HiC_scaffold_5	20100000	20200000
1981	HiC_scaffold_5	20200000	20300000
1982	HiC_scaffold_5	20300000	20400000
1983	HiC_scaffold_5	20400000	20500000
1984	HiC_scaffold_5	20500000	20600000
1985	HiC_scaffold_5	20600000	20700000
1986	HiC_scaffold_5	20700000	20800000
1987	HiC_scaffold_5	20800000	20900000
1988	HiC_scaffold_5	20900000	21000000
1989	HiC_scaffold_5	21000000	21100000
1990	HiC_scaffold_5	21100000	21200000
1991	HiC_scaffold_5	21200000	21300000
1992	HiC_scaffold_5	21300000	21400000
1993	HiC_scaffold_5	21400000	21500000
1994	HiC_scaffold_5	21500000	21600000
1995	HiC_scaffold_5	21600000	21700000
1996	HiC_scaffold_5	21700000	21800000
1997	HiC_scaffold_5	21800000	21900000
1998	HiC_scaffold_5	21900000	22000000
1999	HiC_scaffold_5	22000000	22100000
2000	HiC_scaffold_5	22100000	22200000
2001	HiC_scaffold_5	22200000	22300000
2002	HiC_scaffold_5	22300000	22400000
2003	HiC_scaffold_5	22400000	22500000
2004	HiC_scaffold_5	22500000	22600000
2005	HiC_scaffold_5	22600000	22700000
2006	HiC_scaffold_5	22700000	22800000
2007	HiC_scaffold_5	22800000	22900000
2008	HiC_scaffold_5	22900000	23000000
2009	HiC_scaffold_5	23000000	23100000
2010	HiC_scaffold_5	23100000	23200000
2011	HiC_scaffold_5	23200000	23300000
2012	HiC_scaffold_5	23300000	23400000
2013	HiC_scaffold_5	23400000	23500000
2014	HiC_scaffold_5	23500000	23600000
2015	HiC_scaffold_5	23600000	23700000
2016	HiC_scaffold_5	23700000	23800000
2017	HiC_scaffold_5	23800000	23900000
2018	HiC_scaffold_5	23900000	24000000
2019	HiC_scaffold_5	24000000	24100000
2020	HiC_scaffold_5	24100000	24200000
2021	HiC_scaffold_5	24200000	24300000
2022	HiC_scaffold_5	24300000	24400000
2023	HiC_scaffold_5	24400000	24500000
2024	HiC_scaffold_5	24500000	24600000
2025	HiC_scaffold_5	24600000	24700000
2026	HiC_scaffold_5	24700000	24800000
2027	HiC_scaffold_5	24800000	24900000
2028	HiC_scaffold_5	24900000	25000000
2029	HiC_scaffold_5	25000000	25100000
2030	HiC_scaffold_5	25100000	25200000
2031	HiC_scaffold_5	25200000	25300000
2032	HiC_scaffold_5	25300000	25400000
2033	HiC_scaffold_5	25400000	25500000
2034	HiC_scaffold_5	25500000	25600000
2035	HiC_scaffold_5	25600000	25700000
2036	HiC_scaffold_5	25700000	25800000
2037	HiC_scaffold_5	25800000	25900000
2038	HiC_scaffold_5	25900000	26000000
2039	HiC_scaffold_5	26000000	26100000
2040	HiC_scaffold_5	26100000	26200000
2041	HiC_scaffold_5	26200000	26300000
2042	HiC_scaffold_5	26300000	26400000
2043	HiC_scaffold_5	26400000	26500000
2044	HiC_scaffold_5	26500000	26600000
2045	HiC_scaffold_5	26600000	26700000
2046	HiC_scaffold_5	26700000	26800000
2047	HiC_scaffold_5	26800000	26900000
2048	HiC_scaffold_5	26900000	27000000
2049	HiC_scaffold_5	27000000	27100000
2050	HiC_scaffold_5	27100000	27200000
2051	HiC_scaffold_5	27200000	27300000
2052	HiC_scaffold_5	27300000	27400000
2053	HiC_scaffold_5	27400000	27500000
2054	HiC_scaffold_5	27500000	27600000
2055	HiC_scaffold_5	27600000	27700000
2056	HiC_scaffold_5	27700000	27800000
2057	HiC_scaffold_5	27800000	27900000
2058	HiC_scaffold_5	27900000	28000000
2059	HiC_scaffold_5	28000000	28100000
2060	HiC_scaffold_5	28100000	28200000
2061	HiC_scaffold_5	28200000	28300000
2062	HiC_scaffold_5	28300000	28400000
2063	HiC_scaffold_5	28400000	28500000
2064	HiC_scaffold_5	28500000	28600000
2065	HiC_scaffold_5	28600000	28700000
2066	HiC_scaffold_5	28700000	28800000
2067	HiC_scaffold_5	28800000	28900000
2068	HiC_scaffold_5	28900000	29000000
2069	HiC_scaffold_5	29000000	29100000
2070	HiC_scaffold_5	29100000	29200000
2071	HiC_scaffold_5	29200000	29300000
2072	HiC_scaffold_5	29300000	29400000
2073	HiC_scaffold_5	29400000	29500000
2074	HiC_scaffold_5	29500000	29600000
2075	HiC_scaffold_5	29600000	29700000
2076	HiC_scaffold_5	29700000	29800000
2077	HiC_scaffold_5	29800000	29876185
2078	HiC_scaffold_6	0	100000
2079	HiC_scaffold_6	100000	200000
2080	HiC_scaffold_6	200000	300000
2081	HiC_scaffold_6	300000	400000
2082	HiC_scaffold_6	400000	500000
2083	HiC_scaffold_6	500000	600000
2084	HiC_scaffold_6	600000	700000
2085	HiC_scaffold_6	700000	800000
2086	HiC_scaffold_6	800000	900000
2087	HiC_scaffold_6	900000	1000000
2088	HiC_scaffold_6	1000000	1100000
2089	HiC_scaffold_6	1100000	1200000
2090	HiC_scaffold_6	1200000	1300000
2091	HiC_scaffold_6	1300000	1400000
2092	HiC_scaffold_6	1400000	1500000
2093	HiC_scaffold_6	1500000	1600000
2094	HiC_scaffold_6	1600000	1700000
2095	HiC_scaffold_6	1700000	1800000
2096	HiC_scaffold_6	1800000	1900000
2097	HiC_scaffold_6	1900000	2000000
2098	HiC_scaffold_6	2000000	2100000
2099	HiC_scaffold_6	2100000	2200000
2100	HiC_scaffold_6	2200000	2300000
2101	HiC_scaffold_6	2300000	2400000
2102	HiC_scaffold_6	2400000	2500000
2103	HiC_scaffold_6	2500000	2600000
2104	HiC_scaffold_6	2600000	2700000
2105	HiC_scaffold_6	2700000	2800000
2106	HiC_scaffold_6	2800000	2900000
2107	HiC_scaffold_6	2900000	3000000
2108	HiC_scaffold_6	3000000	3100000
2109	HiC_scaffold_6	3100000	3200000
2110	HiC_scaffold_6	3200000	3300000
2111	HiC_scaffold_6	3300000	3400000
2112	HiC_scaffold_6	3400000	3500000
2113	HiC_scaffold_6	3500000	3600000
2114	HiC_scaffold_6	3600000	3700000
2115	HiC_scaffold_6	3700000	3800000
2116	HiC_scaffold_6	3800000	3900000
2117	HiC_scaffold_6	3900000	4000000
2118	HiC_scaffold_6	4000000	4100000
2119	HiC_scaffold_6	4100000	4200000
2120	HiC_scaffold_6	4200000	4300000
2121	HiC_scaffold_6	4300000	4400000
2122	HiC_scaffold_6	4400000	4500000
2123	HiC_scaffold_6	4500000	4600000
2124	HiC_scaffold_6	4600000	4700000
2125	HiC_scaffold_6	4700000	4800000
2126	HiC_scaffold_6	4800000	4900000
2127	HiC_scaffold_6	4900000	5000000
2128	HiC_scaffold_6	5000000	5100000
2129	HiC_scaffold_6	5100000	5200000
2130	HiC_scaffold_6	5200000	5300000
2131	HiC_scaffold_6	5300000	5400000
2132	HiC_scaffold_6	5400000	5500000
2133	HiC_scaffold_6	5500000	5600000
2134	HiC_scaffold_6	5600000	5700000
2135	HiC_scaffold_6	5700000	5800000
2136	HiC_scaffold_6	5800000	5900000
2137	HiC_scaffold_6	5900000	6000000
2138	HiC_scaffold_6	6000000	6100000
2139	HiC_scaffold_6	6100000	6200000
2140	HiC_scaffold_6	6200000	6300000
2141	HiC_scaffold_6	6300000	6400000
2142	HiC_scaffold_6	6400000	6500000
2143	HiC_scaffold_6	6500000	6600000
2144	HiC_scaffold_6	6600000	6700000
2145	HiC_scaffold_6	6700000	6800000
2146	HiC_scaffold_6	6800000	6900000
2147	HiC_scaffold_6	6900000	7000000
2148	HiC_scaffold_6	7000000	7100000
2149	HiC_scaffold_6	7100000	7200000
2150	HiC_scaffold_6	7200000	7300000
2151	HiC_scaffold_6	7300000	7400000
2152	HiC_scaffold_6	7400000	7500000
2153	HiC_scaffold_6	7500000	7600000
2154	HiC_scaffold_6	7600000	7700000
2155	HiC_scaffold_6	7700000	7800000
2156	HiC_scaffold_6	7800000	7900000
2157	HiC_scaffold_6	7900000	8000000
2158	HiC_scaffold_6	8000000	8100000
2159	HiC_scaffold_6	8100000	8200000
2160	HiC_scaffold_6	8200000	8300000
2161	HiC_scaffold_6	8300000	8400000
2162	HiC_scaffold_6	8400000	8500000
2163	HiC_scaffold_6	8500000	8600000
2164	HiC_scaffold_6	8600000	8700000
2165	HiC_scaffold_6	8700000	8800000
2166	HiC_scaffold_6	8800000	8900000
2167	HiC_scaffold_6	8900000	9000000
2168	HiC_scaffold_6	9000000	9100000
2169	HiC_scaffold_6	9100000	9200000
2170	HiC_scaffold_6	9200000	9300000
2171	HiC_scaffold_6	9300000	9400000
2172	HiC_scaffold_6	9400000	9500000
2173	HiC_scaffold_6	9500000	9600000
2174	HiC_scaffold_6	9600000	9700000
2175	HiC_scaffold_6	9700000	9800000
2176	HiC_scaffold_6	9800000	9900000
2177	HiC_scaffold_6	9900000	10000000
2178	HiC_scaffold_6	10000000	10100000
2179	HiC_scaffold_6	10100000	10200000
2180	HiC_scaffold_6	10200000	10300000
2181	HiC_scaffold_6	10300000	10400000
2182	HiC_scaffold_6	10400000	10500000
2183	HiC_scaffold_6	10500000	10600000
2184	HiC_scaffold_6	10600000	10700000
2185	HiC_scaffold_6	10700000	10800000
2186	HiC_scaffold_6	10800000	10900000
2187	HiC_scaffold_6	10900000	11000000
2188	HiC_scaffold_6	11000000	11100000
2189	HiC_scaffold_6	11100000	11200000
2190	HiC_scaffold_6	11200000	11300000
2191	HiC_scaffold_6	11300000	11400000
2192	HiC_scaffold_6	11400000	11500000
2193	HiC_scaffold_6	11500000	11600000
2194	HiC_scaffold_6	11600000	11700000
2195	HiC_scaffold_6	11700000	11800000
2196	HiC_scaffold_6	11800000	11900000
2197	HiC_scaffold_6	11900000	12000000
2198	HiC_scaffold_6	12000000	12100000
2199	HiC_scaffold_6	12100000	12200000
2200	HiC_scaffold_6	12200000	12300000
2201	HiC_scaffold_6	12300000	12400000
2202	HiC_scaffold_6	12400000	12500000
2203	HiC_scaffold_6	12500000	12600000
2204	HiC_scaffold_6	12600000	12700000
2205	HiC_scaffold_6	12700000	12800000
2206	HiC_scaffold_6	12800000	12900000
2207	HiC_scaffold_6	12900000	13000000
2208	HiC_scaffold_6	13000000	13100000
2209	HiC_scaffold_6	13100000	13200000
2210	HiC_scaffold_6	13200000	13300000
2211	HiC_scaffold_6	13300000	13400000
2212	HiC_scaffold_6	13400000	13500000
2213	HiC_scaffold_6	13500000	13600000
2214	HiC_scaffold_6	13600000	13700000
2215	HiC_scaffold_6	13700000	13800000
2216	HiC_scaffold_6	13800000	13900000
2217	HiC_scaffold_6	13900000	14000000
2218	HiC_scaffold_6	14000000	14100000
2219	HiC_scaffold_6	14100000	14200000
2220	HiC_scaffold_6	14200000	14300000
2221	HiC_scaffold_6	14300000	14400000
2222	HiC_scaffold_6	14400000	14500000
2223	HiC_scaffold_6	14500000	14600000
2224	HiC_scaffold_6	14600000	14700000
2225	HiC_scaffold_6	14700000	14800000
2226	HiC_scaffold_6	14800000	14900000
2227	HiC_scaffold_6	14900000	15000000
2228	HiC_scaffold_6	15000000	15100000
2229	HiC_scaffold_6	15100000	15200000
2230	HiC_scaffold_6	15200000	15300000
2231	HiC_scaffold_6	15300000	15400000
2232	HiC_scaffold_6	15400000	15500000
2233	HiC_scaffold_6	15500000	15600000
2234	HiC_scaffold_6	15600000	15700000
2235	HiC_scaffold_6	15700000	15800000
2236	HiC_scaffold_6	15800000	15900000
2237	HiC_scaffold_6	15900000	16000000
2238	HiC_scaffold_6	16000000	16100000
2239	HiC_scaffold_6	16100000	16200000
2240	HiC_scaffold_6	16200000	16300000
2241	HiC_scaffold_6	16300000	16400000
2242	HiC_scaffold_6	16400000	16500000
2243	HiC_scaffold_6	16500000	16600000
2244	HiC_scaffold_6	16600000	16700000
2245	HiC_scaffold_6	16700000	16800000
2246	HiC_scaffold_6	16800000	16900000
2247	HiC_scaffold_6	16900000	17000000
2248	HiC_scaffold_6	17000000	17100000
2249	HiC_scaffold_6	17100000	17200000
2250	HiC_scaffold_6	17200000	17300000
2251	HiC_scaffold_6	17300000	17400000
2252	HiC_scaffold_6	17400000	17500000
2253	HiC_scaffold_6	17500000	17600000
2254	HiC_scaffold_6	17600000	17700000
2255	HiC_scaffold_6	17700000	17800000
2256	HiC_scaffold_6	17800000	17900000
2257	HiC_scaffold_6	17900000	18000000
2258	HiC_scaffold_6	18000000	18100000
2259	HiC_scaffold_6	18100000	18200000
2260	HiC_scaffold_6	18200000	18300000
2261	HiC_scaffold_6	18300000	18400000
2262	HiC_scaffold_6	18400000	18500000
2263	HiC_scaffold_6	18500000	18600000
2264	HiC_scaffold_6	18600000	18700000
2265	HiC_scaffold_6	18700000	18800000
2266	HiC_scaffold_6	18800000	18900000
2267	HiC_scaffold_6	18900000	19000000
2268	HiC_scaffold_6	19000000	19100000
2269	HiC_scaffold_6	19100000	19200000
2270	HiC_scaffold_6	19200000	19300000
2271	HiC_scaffold_6	19300000	19400000
2272	HiC_scaffold_6	19400000	19500000
2273	HiC_scaffold_6	19500000	19600000
2274	HiC_scaffold_6	19600000	19700000
2275	HiC_scaffold_6	19700000	19800000
2276	HiC_scaffold_6	19800000	19900000
2277	HiC_scaffold_6	19900000	20000000
2278	HiC_scaffold_6	20000000	20100000
2279	HiC_scaffold_6	20100000	20200000
2280	HiC_scaffold_6	20200000	20300000
2281	HiC_scaffold_6	20300000	20400000
2282	HiC_scaffold_6	20400000	20500000
2283	HiC_scaffold_6	20500000	20600000
2284	HiC_scaffold_6	20600000	20700000
2285	HiC_scaffold_6	20700000	20800000
2286	HiC_scaffold_6	20800000	20900000
2287	HiC_scaffold_6	20900000	21000000
2288	HiC_scaffold_6	21000000	21100000
2289	HiC_scaffold_6	21100000	21200000
2290	HiC_scaffold_6	21200000	21300000
2291	HiC_scaffold_6	21300000	21400000
2292	HiC_scaffold_6	21400000	21500000
2293	HiC_scaffold_6	21500000	21600000
2294	HiC_scaffold_6	21600000	21700000
2295	HiC_scaffold_6	21700000	21800000
2296	HiC_scaffold_6	21800000	21900000
2297	HiC_scaffold_6	21900000	22000000
2298	HiC_scaffold_6	22000000	22100000
2299	HiC_scaffold_6	22100000	22200000
2300	HiC_scaffold_6	22200000	22300000
2301	HiC_scaffold_6	22300000	22400000
2302	HiC_scaffold_6	22400000	22500000
2303	HiC_scaffold_6	22500000	22600000
2304	HiC_scaffold_6	22600000	22700000
2305	HiC_scaffold_6	22700000	22800000
2306	HiC_scaffold_6	22800000	22900000
2307	HiC_scaffold_6	22900000	23000000
2308	HiC_scaffold_6	23000000	23100000
2309	HiC_scaffold_6	23100000	23200000
2310	HiC_scaffold_6	23200000	23300000
2311	HiC_scaffold_6	23300000	23400000
2312	HiC_scaffold_6	23400000	23500000
2313	HiC_scaffold_6	23500000	23600000
2314	HiC_scaffold_6	23600000	23700000
2315	HiC_scaffold_6	23700000	23800000
2316	HiC_scaffold_6	23800000	23900000
2317	HiC_scaffold_6	23900000	24000000
2318	HiC_scaffold_6	24000000	24100000
2319	HiC_scaffold_6	24100000	24200000
2320	HiC_scaffold_6	24200000	24300000
2321	HiC_scaffold_6	24300000	24400000
2322	HiC_scaffold_6	24400000	24500000
2323	HiC_scaffold_6	24500000	24600000
2324	HiC_scaffold_6	24600000	24700000
2325	HiC_scaffold_6	24700000	24800000
2326	HiC_scaffold_6	24800000	24900000
2327	HiC_scaffold_6	24900000	25000000
2328	HiC_scaffold_6	25000000	25100000
2329	HiC_scaffold_6	25100000	25200000
2330	HiC_scaffold_6	25200000	25300000
2331	HiC_scaffold_6	25300000	25400000
2332	HiC_scaffold_6	25400000	25500000
2333	HiC_scaffold_6	25500000	25600000
2334	HiC_scaffold_6	25600000	25700000
2335	HiC_scaffold_6	25700000	25800000
2336	HiC_scaffold_6	25800000	25900000
2337	HiC_scaffold_6	25900000	26000000
2338	HiC_scaffold_6	26000000	26100000
2339	HiC_scaffold_6	26100000	26200000
2340	HiC_scaffold_6	26200000	26300000
2341	HiC_scaffold_6	26300000	26400000
2342	HiC_scaffold_6	26400000	26500000
2343	HiC_scaffold_6	26500000	26600000
2344	HiC_scaffold_6	26600000	26700000
2345	HiC_scaffold_6	26700000	26800000
2346	HiC_scaffold_6	26800000	26900000
2347	HiC_scaffold_6	26900000	27000000
2348	HiC_scaffold_6	27000000	27100000
2349	HiC_scaffold_6	27100000	27200000
2350	HiC_scaffold_6	27200000	27300000
2351	HiC_scaffold_6	27300000	27400000
2352	HiC_scaffold_6	27400000	27500000
2353	HiC_scaffold_6	27500000	27600000
2354	HiC_scaffold_6	27600000	27700000
2355	HiC_scaffold_6	27700000	27800000
2356	HiC_scaffold_6	27800000	27900000
2357	HiC_scaffold_6	27900000	28000000
2358	HiC_scaffold_6	28000000	28100000
2359	HiC_scaffold_6	28100000	28200000
2360	HiC_scaffold_6	28200000	28300000
2361	HiC_scaffold_6	28300000	28400000
2362	HiC_scaffold_6	28400000	28500000
2363	HiC_scaffold_6	28500000	28600000
2364	HiC_scaffold_6	28600000	28700000
2365	HiC_scaffold_6	28700000	28800000
2366	HiC_scaffold_6	28800000	28900000
2367	HiC_scaffold_6	28900000	29000000
2368	HiC_scaffold_6	29000000	29100000
2369	HiC_scaffold_6	29100000	29200000
2370	HiC_scaffold_6	29200000	29300000
2371	HiC_scaffold_6	29300000	29400000
2372	HiC_scaffold_6	29400000	29500000
2373	HiC_scaffold_6	29500000	29523801
2374	HiC_scaffold_7	0	100000
2375	HiC_scaffold_7	100000	200000
2376	HiC_scaffold_7	200000	300000
2377	HiC_scaffold_7	300000	400000
2378	HiC_scaffold_7	400000	500000
2379	HiC_scaffold_7	500000	600000
2380	HiC_scaffold_7	600000	700000
2381	HiC_scaffold_7	700000	800000
2382	HiC_scaffold_7	800000	900000
2383	HiC_scaffold_7	900000	1000000
2384	HiC_scaffold_7	1000000	1100000
2385	HiC_scaffold_7	1100000	1200000
2386	HiC_scaffold_7	1200000	1300000
2387	HiC_scaffold_7	1300000	1400000
2388	HiC_scaffold_7	1400000	1500000
2389	HiC_scaffold_7	1500000	1600000
2390	HiC_scaffold_7	1600000	1700000
2391	HiC_scaffold_7	1700000	1800000
2392	HiC_scaffold_7	1800000	1900000
2393	HiC_scaffold_7	1900000	2000000
2394	HiC_scaffold_7	2000000	2100000
2395	HiC_scaffold_7	2100000	2200000
2396	HiC_scaffold_7	2200000	2300000
2397	HiC_scaffold_7	2300000	2400000
2398	HiC_scaffold_7	2400000	2500000
2399	HiC_scaffold_7	2500000	2600000
2400	HiC_scaffold_7	2600000	2700000
2401	HiC_scaffold_7	2700000	2800000
2402	HiC_scaffold_7	2800000	2900000
2403	HiC_scaffold_7	2900000	3000000
2404	HiC_scaffold_7	3000000	3100000
2405	HiC_scaffold_7	3100000	3200000
2406	HiC_scaffold_7	3200000	3300000
2407	HiC_scaffold_7	3300000	3400000
2408	HiC_scaffold_7	3400000	3500000
2409	HiC_scaffold_7	3500000	3600000
2410	HiC_scaffold_7	3600000	3700000
2411	HiC_scaffold_7	3700000	3800000
2412	HiC_scaffold_7	3800000	3900000
2413	HiC_scaffold_7	3900000	4000000
2414	HiC_scaffold_7	4000000	4100000
2415	HiC_scaffold_7	4100000	4200000
2416	HiC_scaffold_7	4200000	4300000
2417	HiC_scaffold_7	4300000	4400000
2418	HiC_scaffold_7	4400000	4500000
2419	HiC_scaffold_7	4500000	4600000
2420	HiC_scaffold_7	4600000	4700000
2421	HiC_scaffold_7	4700000	4800000
2422	HiC_scaffold_7	4800000	4900000
2423	HiC_scaffold_7	4900000	5000000
2424	HiC_scaffold_7	5000000	5100000
2425	HiC_scaffold_7	5100000	5200000
2426	HiC_scaffold_7	5200000	5300000
2427	HiC_scaffold_7	5300000	5400000
2428	HiC_scaffold_7	5400000	5500000
2429	HiC_scaffold_7	5500000	5600000
2430	HiC_scaffold_7	5600000	5700000
2431	HiC_scaffold_7	5700000	5800000
2432	HiC_scaffold_7	5800000	5900000
2433	HiC_scaffold_7	5900000	6000000
2434	HiC_scaffold_7	6000000	6100000
2435	HiC_scaffold_7	6100000	6200000
2436	HiC_scaffold_7	6200000	6300000
2437	HiC_scaffold_7	6300000	6400000
2438	HiC_scaffold_7	6400000	6500000
2439	HiC_scaffold_7	6500000	6600000
2440	HiC_scaffold_7	6600000	6700000
2441	HiC_scaffold_7	6700000	6800000
2442	HiC_scaffold_7	6800000	6900000
2443	HiC_scaffold_7	6900000	7000000
2444	HiC_scaffold_7	7000000	7100000
2445	HiC_scaffold_7	7100000	7200000
2446	HiC_scaffold_7	7200000	7300000
2447	HiC_scaffold_7	7300000	7400000
2448	HiC_scaffold_7	7400000	7500000
2449	HiC_scaffold_7	7500000	7600000
2450	HiC_scaffold_7	7600000	7700000
2451	HiC_scaffold_7	7700000	7800000
2452	HiC_scaffold_7	7800000	7900000
2453	HiC_scaffold_7	7900000	8000000
2454	HiC_scaffold_7	8000000	8100000
2455	HiC_scaffold_7	8100000	8200000
2456	HiC_scaffold_7	8200000	8300000
2457	HiC_scaffold_7	8300000	8400000
2458	HiC_scaffold_7	8400000	8500000
2459	HiC_scaffold_7	8500000	8600000
2460	HiC_scaffold_7	8600000	8700000
2461	HiC_scaffold_7	8700000	8800000
2462	HiC_scaffold_7	8800000	8900000
2463	HiC_scaffold_7	8900000	9000000
2464	HiC_scaffold_7	9000000	9100000
2465	HiC_scaffold_7	9100000	9200000
2466	HiC_scaffold_7	9200000	9300000
2467	HiC_scaffold_7	9300000	9400000
2468	HiC_scaffold_7	9400000	9500000
2469	HiC_scaffold_7	9500000	9600000
2470	HiC_scaffold_7	9600000	9700000
2471	HiC_scaffold_7	9700000	9800000
2472	HiC_scaffold_7	9800000	9900000
2473	HiC_scaffold_7	9900000	10000000
2474	HiC_scaffold_7	10000000	10100000
2475	HiC_scaffold_7	10100000	10200000
2476	HiC_scaffold_7	10200000	10300000
2477	HiC_scaffold_7	10300000	10400000
2478	HiC_scaffold_7	10400000	10500000
2479	HiC_scaffold_7	10500000	10600000
2480	HiC_scaffold_7	10600000	10700000
2481	HiC_scaffold_7	10700000	10800000
2482	HiC_scaffold_7	10800000	10900000
2483	HiC_scaffold_7	10900000	11000000
2484	HiC_scaffold_7	11000000	11100000
2485	HiC_scaffold_7	11100000	11200000
2486	HiC_scaffold_7	11200000	11300000
2487	HiC_scaffold_7	11300000	11400000
2488	HiC_scaffold_7	11400000	11500000
2489	HiC_scaffold_7	11500000	11600000
2490	HiC_scaffold_7	11600000	11700000
2491	HiC_scaffold_7	11700000	11800000
2492	HiC_scaffold_7	11800000	11900000
2493	HiC_scaffold_7	11900000	12000000
2494	HiC_scaffold_7	12000000	12100000
2495	HiC_scaffold_7	12100000	12200000
2496	HiC_scaffold_7	12200000	12300000
2497	HiC_scaffold_7	12300000	12400000
2498	HiC_scaffold_7	12400000	12500000
2499	HiC_scaffold_7	12500000	12600000
2500	HiC_scaffold_7	12600000	12700000
2501	HiC_scaffold_7	12700000	12800000
2502	HiC_scaffold_7	12800000	12900000
2503	HiC_scaffold_7	12900000	13000000
2504	HiC_scaffold_7	13000000	13100000
2505	HiC_scaffold_7	13100000	13200000
2506	HiC_scaffold_7	13200000	13300000
2507	HiC_scaffold_7	13300000	13400000
2508	HiC_scaffold_7	13400000	13500000
2509	HiC_scaffold_7	13500000	13600000
2510	HiC_scaffold_7	13600000	13700000
2511	HiC_scaffold_7	13700000	13800000
2512	HiC_scaffold_7	13800000	13900000
2513	HiC_scaffold_7	13900000	14000000
2514	HiC_scaffold_7	14000000	14100000
2515	HiC_scaffold_7	14100000	14200000
2516	HiC_scaffold_7	14200000	14300000
2517	HiC_scaffold_7	14300000	14400000
2518	HiC_scaffold_7	14400000	14500000
2519	HiC_scaffold_7	14500000	14600000
2520	HiC_scaffold_7	14600000	14700000
2521	HiC_scaffold_7	14700000	14800000
2522	HiC_scaffold_7	14800000	14900000
2523	HiC_scaffold_7	14900000	15000000
2524	HiC_scaffold_7	15000000	15100000
2525	HiC_scaffold_7	15100000	15200000
2526	HiC_scaffold_7	15200000	15300000
2527	HiC_scaffold_7	15300000	15400000
2528	HiC_scaffold_7	15400000	15500000
2529	HiC_scaffold_7	15500000	15600000
2530	HiC_scaffold_7	15600000	15700000
2531	HiC_scaffold_7	15700000	15800000
2532	HiC_scaffold_7	15800000	15900000
2533	HiC_scaffold_7	15900000	16000000
2534	HiC_scaffold_7	16000000	16100000
2535	HiC_scaffold_7	16100000	16200000
2536	HiC_scaffold_7	16200000	16300000
2537	HiC_scaffold_7	16300000	16400000
2538	HiC_scaffold_7	16400000	16500000
2539	HiC_scaffold_7	16500000	16600000
2540	HiC_scaffold_7	16600000	16700000
2541	HiC_scaffold_7	16700000	16800000
2542	HiC_scaffold_7	16800000	16900000
2543	HiC_scaffold_7	16900000	17000000
2544	HiC_scaffold_7	17000000	17100000
2545	HiC_scaffold_7	17100000	17200000
2546	HiC_scaffold_7	17200000	17300000
2547	HiC_scaffold_7	17300000	17400000
2548	HiC_scaffold_7	17400000	17500000
2549	HiC_scaffold_7	17500000	17599362